image_id,true_label,predicted_label,prob_akiec,prob_bcc,prob_bkl,prob_df,prob_mel,prob_nv,prob_vasc
ISIC_0027419,bkl,bkl,0.15098309132093848,0.08529676342036265,0.39816259713408264,0.06588607557812183,0.27018417731480243,0.02940321086415746,8.408436753452615e-05
ISIC_0025030,bkl,bkl,0.2653439324512371,0.07193846157572927,0.39516238811248144,0.03736862593733105,0.21290999963449533,0.017185722538986918,9.086974973889263e-05
ISIC_0025837,bkl,df,0.2181683131923737,0.13364393424165982,0.045166187662847364,0.47978049932343053,0.07318597680270301,0.022187880664698283,0.027867208112287378
ISIC_0025209,bkl,akiec,0.46338208724573327,0.245966950725389,0.10352707744349902,0.10305825783165627,0.0823303147507133,0.00047733946304754493,0.0012579725399616854
ISIC_0025767,bkl,bkl,0.031222530101165172,0.010096197207138238,0.6447387393105434,0.029852560266970436,0.07790616167211384,0.2060634318052749,0.00012037963679411087
ISIC_0032417,bkl,bkl,0.055575454038649545,0.016750576314322654,0.7090718233165412,0.07746432402114166,0.10594521136245659,0.03514395417503193,4.865677185647669e-05
ISIC_0031326,bkl,bkl,0.16977018874531935,0.07600954069251388,0.3751296476396826,0.057345021457899374,0.2613159460513974,0.06039866140814646,3.099400504085725e-05
ISIC_0025915,bkl,mel,0.06538169784762446,0.19278351780294797,0.23787933792284308,0.01042175761352071,0.4549526857574582,0.038553680954958106,2.7322100647327522e-05
ISIC_0031029,bkl,mel,0.03406422050370676,0.14500021082941483,0.262955104065421,0.050109680853160164,0.37209680172072773,0.13504311129719476,0.0007308707303747059
ISIC_0032343,bkl,bkl,0.02149391148625252,0.0025430295212498445,0.8030435541171403,0.0006341660771765151,0.1698694743481983,0.0024155211437406755,3.433062418689552e-07
ISIC_0025819,bkl,bkl,0.2639651408148684,0.021644683678112925,0.5448954454423659,0.04019682064343873,0.07616050146032756,0.05312328248927795,1.4125471608561708e-05
ISIC_0032013,bkl,bkl,0.18016051471458192,0.012536304999190768,0.614385011993108,0.05182340936708891,0.06200116740421577,0.07906707685860541,2.6514663208980122e-05
ISIC_0029301,bkl,mel,0.0033675301635266294,0.1671679820253778,0.1301467640594071,0.020692976147632047,0.5243695105785776,0.14269378709797206,0.011561449927506793
ISIC_0026637,bkl,nv,0.0012580728481200332,0.014963178129337971,0.16466294846424226,0.13349705099830522,0.2310378308972013,0.445623022575027,0.008957896087766136
ISIC_0031967,bkl,bcc,0.027677292462806025,0.3851924909555168,0.1305821286969981,0.3754043082426441,0.005052653991307414,0.06327930880974211,0.012811816840985488
ISIC_0031584,bkl,bcc,0.03317179741488704,0.8792279249788645,0.015208691344326007,0.04171460274220436,0.005384386639226876,0.010526346122520694,0.014766250757970553
ISIC_0029289,bkl,nv,0.018640860386262986,0.0673773499900391,0.13447207727147112,0.17634793044018524,0.12764600392675013,0.47438672604672627,0.001129051938565222
ISIC_0029912,bkl,nv,0.004179537353800006,0.004738967218428831,0.21544063115076115,0.049679515831441874,0.1702787864543059,0.5554509838462834,0.00023157814497874136
ISIC_0033539,bkl,nv,0.005073361038008959,0.0006488790914971027,0.3034358163591955,0.033953086650457265,0.11225887453001084,0.5436121839380585,0.0010177983927717868
ISIC_0029308,bkl,bkl,0.09413824903513743,0.012590584494123492,0.6037478204213131,0.01561353825606435,0.13295384800768678,0.1409285936576548,2.736612801996275e-05
ISIC_0027957,bkl,mel,0.026220981853999768,0.2020186693738927,0.2617714560022302,0.1839276793857661,0.2969616058393207,0.027385078878358404,0.0017145286664321973
ISIC_0031212,bkl,bcc,0.015738918993816787,0.754933182073443,0.036012416246476,0.08102798746451884,0.10537939988330632,0.006765423150085479,0.00014267218835370006
ISIC_0026794,bkl,bcc,0.17731753909553163,0.338914588496568,0.24376181166093472,0.167165781796869,0.054843912061373394,0.017811613563699025,0.00018475332502438258
ISIC_0032949,bkl,mel,0.07027947276067151,0.033931767462979684,0.19648448150780848,0.011156689569218673,0.42513280829288974,0.2624553330970839,0.0005594473093480203
ISIC_0033322,bkl,mel,0.06012091155081747,0.01342029309935475,0.40653518921858617,0.0038192362942108477,0.4641712031075696,0.05186519701904194,6.796971041928858e-05
ISIC_0033127,bkl,bkl,0.0692821441850396,0.0064134383421611645,0.48891429869851893,0.006706032859851688,0.3895911779374572,0.03902289789660337,7.001008036817436e-05
ISIC_0033041,bkl,bcc,0.16206623068020948,0.4258135425310222,0.20919784511890005,0.07120751190525673,0.09641166211945908,0.03440002763677164,0.0009031800083808347
ISIC_0033900,bkl,nv,0.08937403460004194,0.1278125421050639,0.23964879157709384,0.06738527228815942,0.2352332269791546,0.23997190596762716,0.0005742264828591038
ISIC_0033361,bkl,mel,0.1779112613921745,0.05971302815592562,0.10599582611753765,0.10466443359458302,0.3160247262377009,0.23290781875896646,0.002782905743111784
ISIC_0029683,bkl,mel,0.007116243525108455,0.001435094541801247,0.18311480362492077,0.00018240060690809777,0.7942311765411938,0.013912997544588844,7.283615478700006e-06
ISIC_0033716,bkl,mel,0.030772166591878515,0.16083272675651225,0.14891573344732525,0.059349737279772996,0.4102802980667036,0.18883390258986563,0.0010154352679417169
ISIC_0034011,bkl,mel,0.08456497450700572,0.0568655036221312,0.289798582611412,0.02690873316728164,0.4754726463314993,0.06634506487738798,4.449488328212641e-05
ISIC_0033613,bkl,mel,0.03235901200680737,0.00886708715195212,0.22784059393645342,0.006647540624590781,0.633517460447301,0.09074715857832225,2.1147254573056367e-05
ISIC_0032688,bkl,bkl,0.1059972181649508,0.0181439057760755,0.6860645225939078,0.14202186657551774,0.03608254633528751,0.011426184049098696,0.00026375650516189227
ISIC_0033252,bkl,nv,0.09287837897930505,0.06404240990957837,0.2407126618460178,0.08584944666143486,0.21202482753581608,0.28192024991428993,0.0225720251535579
ISIC_0032570,bkl,bkl,0.1523893489667679,0.02061646275692981,0.649582257880537,0.09603019358992383,0.06814278741267958,0.012100049763507415,0.0011388996296545393
ISIC_0033736,bkl,mel,0.21425735562646178,0.1405177491925964,0.12343996496238055,0.16617104174766953,0.2407662052660533,0.11352740415575834,0.0013202790490801537
ISIC_0033378,bkl,mel,0.12148708650971438,0.15387938644181265,0.07461346338166805,0.21125605826881774,0.2606147898502995,0.16807158576017456,0.010077629787513058
ISIC_0032665,bkl,mel,0.023837476252800135,0.011959660605444893,0.2029939367558081,0.007033335170256621,0.6303570598224665,0.12341142737755757,0.0004071040156662519
ISIC_0033130,bkl,mel,0.08492879204456788,0.031958180096985735,0.2184596604999765,0.010432173227823768,0.637662930392796,0.01582571182126394,0.0007325519165861466
ISIC_0033853,bkl,bkl,0.0535636290002829,0.0008214455286453941,0.40344558855939605,0.0073913648859390705,0.2194242575882615,0.315132048410533,0.00022166602694216004
ISIC_0033453,bkl,mel,0.17399818206950554,0.006334022035810784,0.2929950965488017,0.019514830033813914,0.3767630617873998,0.13028357110522837,0.00011123641943992423
ISIC_0034126,bkl,bkl,0.13538650049141576,0.025960792550687648,0.47329372289397337,0.015023741998283094,0.2755476628870688,0.07433992910575714,0.0004476500728142979
ISIC_0034303,bkl,bkl,0.0570137171284512,0.003360786756789243,0.724768527917496,0.03743800552528827,0.13467841343195208,0.042403084138656774,0.0003374651013662597
ISIC_0034031,bkl,bkl,0.358910913128438,0.0025257962991248185,0.4828231501924468,0.15139596118593882,0.002795553218549728,0.001455594302528866,9.303167297295858e-05
ISIC_0033124,bkl,bkl,0.16494357323034614,0.08770388391016361,0.4377951556562114,0.12933818107726888,0.12265293557955319,0.056902532435883946,0.0006637381105729066
ISIC_0032898,bkl,bcc,0.29126200356942544,0.29916381868419023,0.1576932262343245,0.06250391734201192,0.15323521078445496,0.02039074969220247,0.01575107369339051
ISIC_0033488,bkl,vasc,0.12310834664773178,0.19647959921148764,0.1294261517906321,0.054237512243492984,0.1228924876160608,0.012346332355824103,0.36150957013477064
ISIC_0033758,bkl,bcc,0.04399839491285326,0.3652900258114651,0.3152007474531277,0.07609527657378805,0.09326959788563949,0.05626711060322902,0.04987884675989742
ISIC_0033507,bkl,mel,0.028452003471679144,0.005471398380607052,0.14294724477454746,0.025230125243244902,0.48452474316556976,0.3117622869017903,0.0016121980625613949
ISIC_0033791,bkl,mel,0.02264584120023364,0.004959874437578182,0.08040040146281005,0.0093632496543718,0.7453999114044658,0.13616379767233908,0.0010669241682013336
ISIC_0034003,bkl,bcc,0.11646101752732395,0.36719631216043214,0.06473559539958308,0.10021367495241734,0.3321483267889962,0.016087353738896873,0.0031577194323503025
ISIC_0033079,bkl,akiec,0.2928006414531622,0.2703968947742187,0.07848652459970727,0.0898738328914222,0.2670339319122855,0.0011931726519374035,0.0002150017172666938
ISIC_0032215,bkl,bcc,0.1856566059874081,0.4181855905671814,0.31280272804297493,0.04258430486362875,0.024738634294137883,0.012207646067977264,0.0038244901766915675
ISIC_0030124,bkl,mel,0.004204815450500119,0.0037922297102594934,0.07446217679564157,0.0021618371248086337,0.7530322104034998,0.1611476442189307,0.0011990862963596927
ISIC_0025157,bkl,bkl,0.15512214557281612,0.024182189012277852,0.44235415066039196,0.14805217277957827,0.10436459739323224,0.12558782395313403,0.0003369206285696326
ISIC_0027218,bkl,bkl,0.060014532864353945,0.01830919836185762,0.6891509053584817,0.003863494709859589,0.21621240673466618,0.012414007541047585,3.5454429733404416e-05
ISIC_0030705,bkl,bkl,0.01922099259171908,0.016719187149203844,0.6108652064200121,0.041062758329056516,0.25893484515167436,0.053172424528279534,2.4585830054659822e-05
ISIC_0030272,bkl,bkl,0.02842188707561101,0.021212366733492187,0.6027822347169866,0.064380541665029,0.06876745544026974,0.21425711755657897,0.00017839681203255396
ISIC_0028020,bkl,df,0.03228384935456226,0.007707851533619055,0.0925250397344948,0.8227627761810722,0.0003503407638357538,0.04217080545019759,0.0021993369822182742
ISIC_0032325,bkl,bkl,0.08649420212182793,0.028649756952247436,0.4333834197093481,0.04617426128404676,0.13422656477173361,0.27042589644098636,0.0006458987198098025
ISIC_0028701,bkl,bcc,0.10597809714944954,0.650940825235915,0.13094041345132185,0.011431864482663184,0.057404290616944735,0.018277283177371057,0.025027225886334787
ISIC_0024672,bkl,mel,0.0807871160262555,0.022397975063718406,0.2538665747315005,0.035916260187536506,0.4441883977257661,0.16265115664923302,0.0001925196159898917
ISIC_0027680,bkl,mel,0.062321854903563303,0.20245909377896082,0.16669094300603288,0.007064500134569603,0.5486207888782888,0.0012548774528460783,0.011587941845738583
ISIC_0025656,bkl,akiec,0.3547613808011655,0.17549398461681626,0.2934579804242262,0.044566160716169284,0.1259275094721781,0.005771501822876782,2.1482146567871747e-05
ISIC_0029010,bkl,bkl,0.27735807589551,0.0660111100385795,0.41487802774835275,0.010455180217921155,0.2081498105994411,0.023071848930878547,7.594656931678246e-05
ISIC_0029003,bkl,bcc,0.22394551785150896,0.41407446546262877,0.23116184386293104,0.0372308067333797,0.09239176811117888,0.0011392394167937473,5.635856157898863e-05
ISIC_0024711,bkl,akiec,0.27834967204817596,0.20221157444365004,0.2489532825960945,0.009338593314699337,0.25716296909868697,0.0038995175735555884,8.439092513761327e-05
ISIC_0032335,bkl,vasc,0.07569822336561957,0.09158792068809736,0.13353789374257813,0.07608714230920544,0.30502177359196436,0.006595717225367856,0.31147132907716735
ISIC_0025326,bkl,akiec,0.5018300767971011,0.18423694410447822,0.002793108888900571,0.29688999450860043,0.0038249010840356555,0.0023734335143999084,0.008051541102484232
ISIC_0025507,bkl,bkl,0.0597343865551177,0.000598026903616589,0.7751496087432564,0.0030563970951215445,0.07531639449422445,0.0861295207819013,1.5665426762136243e-05
ISIC_0024592,bkl,bcc,0.11693825610661601,0.8154900703023988,0.010533096554445663,0.021577223575750225,0.004651679674015283,4.149089925948348e-06,0.030805524696848236
ISIC_0030721,bkl,nv,0.016578328193408196,0.08969017975270002,0.07194623130169345,0.021283610241693476,0.35833617485141245,0.37868859247290454,0.06347688318618797
ISIC_0031130,bkl,mel,0.011763071145027074,0.003956404681558113,0.17007587759081455,0.0002776953323288033,0.7525970256017426,0.06130047475479215,2.945089373679811e-05
ISIC_0028308,bkl,bcc,0.26005550020089585,0.3487801140838351,0.15456907964879144,0.018914482901308698,0.11505726361734496,0.10101228640307547,0.0016112731447486053
ISIC_0024505,bkl,mel,0.12553307579376496,0.12334227344984525,0.20969265534239478,0.018370620172815426,0.48366973797938967,0.03938139369205937,1.0243569730626461e-05
ISIC_0029340,bkl,mel,0.05696889213605997,0.17941393628705798,0.16613786846628265,0.0159312303043863,0.38576560013763417,0.1912799585681125,0.004502514100466581
ISIC_0026607,bkl,mel,0.21996695685621095,0.19078536726999756,0.22788692185032597,0.01018296061157777,0.2381683067748261,0.1024343200467694,0.010575166590292182
ISIC_0025842,bkl,bcc,0.37506279798500525,0.442352181008271,0.05180445505993736,0.10452203133103129,0.018138532785560022,0.008003332109090596,0.00011666972110455799
ISIC_0030706,bkl,mel,0.174824176735202,0.059667475709265616,0.10943860644876119,0.035100962099182745,0.3346962202235429,0.284402957126396,0.0018696016576495238
ISIC_0031424,bkl,mel,0.11482642671419775,0.019126758546588317,0.25387050731627425,0.07840949800071174,0.41270760235652854,0.12103788932543849,2.1317740260912088e-05
ISIC_0029770,bkl,bkl,0.09539053558048399,0.02109810864410239,0.47377578686746513,0.058738458805504774,0.2472979912801515,0.1035775416907063,0.00012157713158582144
ISIC_0027026,bkl,df,0.2233410383925532,0.10044669937061927,0.0073981100985552,0.6081343142426235,0.016583528038960897,0.04099386643360545,0.0031024434230824153
ISIC_0027584,bkl,akiec,0.47823394331256364,0.41909393116754146,0.04266947994742795,0.047650980421754134,0.011456658559669625,0.0008098693384431975,8.513725260000799e-05
ISIC_0026775,bkl,akiec,0.7492963113520635,0.014495615698273956,0.21408853867109137,0.013071636129468872,0.006426077933885731,0.0026072854764984804,1.4534738717948059e-05
ISIC_0032348,bkl,akiec,0.32233922151100786,0.13584000878153665,0.16268656466380724,0.012623493993195919,0.31785575548192163,0.04745300012010075,0.0012019554484300077
ISIC_0024883,bkl,nv,0.022612503451898136,0.025198458463212843,0.2769174648307427,0.046849035825127956,0.19434363095515467,0.4317579167873187,0.0023209896865450633
ISIC_0027295,bkl,bkl,0.29927260096058983,0.127862387086359,0.3808054321368875,0.11497598271143791,0.04798186786482382,0.026784717527993666,0.0023170117119082575
ISIC_0024358,bkl,mel,0.17609973703279166,0.02534459437415071,0.32266330187686676,0.01286959042904692,0.3956598109897298,0.06734054220955889,2.2423087855183996e-05
ISIC_0027771,bkl,bkl,0.15599842795915583,0.03127653920767709,0.4567612234315086,0.018338278421020687,0.28025018703767696,0.057358400898483285,1.6943044477389172e-05
ISIC_0028846,bkl,mel,0.1968653139886011,0.06325180644352422,0.2494895305400055,0.01724936773627739,0.32603632318412445,0.14237928994966814,0.00472836815779916
ISIC_0026159,bkl,bkl,0.16563420946142002,0.0166307073634438,0.653702913175237,0.039309610352099886,0.08367954712239671,0.040967764760815074,7.524776458742131e-05
ISIC_0030783,bkl,nv,0.010196535645635217,0.0028737479376089526,0.043065350896757545,0.002283317682782323,0.3844353433839119,0.556962913844934,0.00018279060837008755
ISIC_0027606,bkl,mel,0.013602784247632982,0.00022071252071617127,0.47925211229199205,0.0003314445105290015,0.48461653990328624,0.02196138735956551,1.5019166278037735e-05
ISIC_0025703,bkl,mel,0.1766889717566077,0.029013475808285803,0.1979803541610435,0.012618110646745779,0.5060866921328459,0.07751125408506597,0.00010114140940530645
ISIC_0032051,bkl,nv,0.035682930130218976,0.0011657506765532036,0.32896690051487065,0.07540435312737075,0.17382279029637124,0.38448095121028564,0.00047632404432964285
ISIC_0027996,bkl,bkl,0.08215825636212801,0.07997898829077495,0.7427230618656369,0.007313860011738384,0.06928320105410846,0.01745481089853389,0.0010878215170797053
ISIC_0026644,bkl,bkl,0.02455445986216338,0.008319079483362272,0.45556736323691627,0.01190583843585574,0.44990039442854235,0.04970569333810215,4.7171215057776e-05
ISIC_0031686,bkl,bkl,0.19081094494308126,0.08888774155464925,0.3598225819155437,0.30879207190144,0.010335635436790763,0.040551225207521864,0.000799799040973044
ISIC_0030208,bkl,bkl,0.07772944429952393,0.031040550751569265,0.7396288811655504,0.009043923732090415,0.11295421239118003,0.029474224211219018,0.0001287634488669825
ISIC_0031770,bkl,bcc,0.04226081459918697,0.609017252625154,0.11007936669519151,0.0645335274169055,0.05995020901482347,0.09281232665713171,0.02134650299160663
ISIC_0026286,bkl,bcc,0.010587935286782542,0.8440393071325297,0.044903931585012886,0.000792034459080763,0.08151918819129043,0.012689687253369004,0.005467916091934839
ISIC_0024880,bkl,bkl,0.05846517606171133,0.0771087121827893,0.43359071178670133,0.0024139325710322425,0.4085415534397619,0.01983198006355892,4.793389444484024e-05
ISIC_0027706,bkl,bkl,0.17107858441596438,0.1268593090488241,0.43288458488044224,0.004876107802250413,0.1916787184422475,0.07252580929704691,9.688611322432513e-05
ISIC_0025376,bkl,bcc,0.20482426310780982,0.4026703450597053,0.08568734765163835,0.025376813173046877,0.15529507100426124,0.12513071378281856,0.001015446220719977
ISIC_0027806,bkl,bkl,0.24266570932132767,0.06230164103227844,0.2847632135869134,0.10438473279022116,0.24473695583030808,0.060947484801110674,0.00020026263784067051
ISIC_0024547,bkl,bkl,0.14534662434559384,0.030617507042268153,0.3735109684321962,0.04151015131009966,0.3444846457721646,0.06446426525081601,6.583784686149784e-05
ISIC_0025351,bkl,akiec,0.4526011396202818,0.013235392729437948,0.3286203863674132,0.005762969815769559,0.1610435133785924,0.03870438753923239,3.221054927260304e-05
ISIC_0031078,bkl,akiec,0.42938230419725687,0.037980826034746694,0.4236496243513974,0.010833480082337374,0.0802120751432297,0.017643015969329778,0.0002986742217022806
ISIC_0031464,bkl,akiec,0.3874477767426368,0.04367361793066895,0.31998435436379863,0.00570375260293837,0.12088192083027208,0.12220117620659109,0.00010740132309410897
ISIC_0029031,bkl,akiec,0.6623743208692613,0.12321133866165715,0.1624769354333257,0.0047225016727181915,0.046880755084547775,0.0002741346936224305,6.001358486774614e-05
ISIC_0025222,bkl,bkl,0.34145125388314346,0.011705568015388539,0.43831437102396476,0.005789300550477749,0.11412758730578425,0.08821007119836746,0.0004018480228737515
ISIC_0025973,bkl,bkl,0.1751257891949037,0.039685200001763295,0.47776235019995156,0.008826518964436385,0.18097771863602274,0.11751432728635076,0.0001080957165715364
ISIC_0024471,bkl,bkl,0.008418049439451089,0.0017973320720038096,0.8297856718063326,0.001866454111275207,0.11298644474281694,0.044982056587056424,0.000163991241063947
ISIC_0029878,bkl,bkl,0.010772218931613588,0.0015528394662938406,0.5457703513711122,0.0006341161757498577,0.24702549266693047,0.19423007050838276,1.4910879917083872e-05
ISIC_0025064,bkl,nv,0.036976152012935574,0.06245697119989316,0.138841004471682,0.022357754665512573,0.32210022326842985,0.4154386635167172,0.001829230864829714
ISIC_0026514,bkl,nv,0.029244884742586224,0.02479682814640642,0.059499544842625166,0.05769125178677859,0.12018808557400852,0.6991345698954828,0.009444835012112214
ISIC_0027192,bkl,bkl,0.24912484586186615,0.0561561103246674,0.3196816834811683,0.1776056877365321,0.08748877711191103,0.10910611472131225,0.0008367807625427672
ISIC_0026614,bkl,bkl,0.22657595560896343,0.07348339541166919,0.4484396469442439,0.02343131277210927,0.1310736959939842,0.0968910912967917,0.00010490197223834698
ISIC_0028550,bkl,mel,0.15944561585743952,0.16699266405482577,0.10293452425608604,0.2043501836649879,0.2808099687511892,0.08463005101236402,0.0008369924031075406
ISIC_0024477,bkl,akiec,0.32447118136977765,0.15887732403243202,0.09069477541427828,0.16770478507802988,0.17990523529922325,0.07614184739017922,0.0022048514160797603
ISIC_0026493,bkl,akiec,0.28526479631592555,0.1387828789838214,0.18307012726546842,0.19976945903685847,0.13044469463570166,0.061491912881835545,0.0011761308803888663
ISIC_0029678,bkl,mel,0.05609712737741767,0.09067461304526978,0.19294811734656012,0.02007802659712985,0.42866579883231565,0.2111345463938638,0.0004017704074431579
ISIC_0030683,bkl,bkl,0.20261825935591107,0.023178786399306046,0.327590197535209,0.05161903094297665,0.20732330754880215,0.18733537641837703,0.00033504179941795133
ISIC_0027990,bkl,akiec,0.5131355641821012,0.012586891484888748,0.4280635590624001,0.006362893227289893,0.031929360951243886,0.007912362660683143,9.36843139309429e-06
ISIC_0025883,bkl,mel,0.007505858198524887,0.05554231237633868,0.22965806136383718,0.0015643900445398895,0.3882188362212244,0.27913049223993147,0.03838004955560343
ISIC_0030965,bkl,bkl,0.28312568383487935,0.0590948054149648,0.5198741402754827,0.014001951088669938,0.11934755680505314,0.004554796548217123,1.066032732872507e-06
ISIC_0026947,bkl,bkl,0.06056303839277612,0.006062006594738327,0.5172803503872431,0.1995418685015351,0.04944600293076576,0.16691658683871055,0.00019014635423125897
ISIC_0024839,bkl,bkl,0.06627328066557767,0.0063759230934827904,0.5933268870146825,0.10930930518809176,0.122416428830849,0.10228453063570538,1.364457161080334e-05
ISIC_0024696,bkl,akiec,0.40340084298908585,0.10979900335284375,0.16011719646233125,0.06184594874759979,0.2444941184671875,0.020288558712051548,5.433126890040866e-05
ISIC_0031352,bkl,nv,0.1775027900375906,0.009747411927137883,0.353197203599324,0.020381724033986047,0.04866892905291705,0.3904459240325358,5.601731650857046e-05
ISIC_0031150,bkl,bkl,0.147703623157229,0.0031407374971977034,0.7350077438870082,0.01612500792129867,0.0713776463534066,0.026641892123732507,3.349060127269037e-06
ISIC_0032024,bkl,akiec,0.35396276331262355,0.17702995972383956,0.0806122828093142,0.23514513686285782,0.13721668576654544,0.0160237539509112,9.41757390837802e-06
ISIC_0030533,bkl,akiec,0.40485650709076015,0.03234980498002528,0.19087086233265554,0.04255783259508958,0.08250499896032061,0.24558676450839367,0.0012732295327550997
ISIC_0029080,bkl,bkl,0.33173169783951134,0.04794580720024248,0.40733312988402165,0.04449966105598677,0.11766298189797555,0.050005343366881956,0.0008213787553803171
ISIC_0028650,bkl,akiec,0.5500112401574571,0.08090168947538545,0.15659312004136094,0.1740219523198875,0.017161464816723444,0.020241918016994997,0.0010686151721904602
ISIC_0027973,bkl,bkl,0.40977277621250047,0.02400378125189352,0.4784522247852748,0.022069610917434878,0.036360636790968036,0.02902658275192429,0.00031438729000414414
ISIC_0029384,bkl,bkl,0.09197536181443042,0.008044110047047847,0.7109910492417613,0.04684502956209894,0.04076103226935118,0.10108030324449002,0.0003031138208203139
ISIC_0032358,bkl,bkl,0.08776515129659981,0.011994607611628483,0.3998032036713483,0.004763968351928096,0.3545748503799548,0.14105481373506384,4.34049534766559e-05
ISIC_0031200,bkl,bkl,0.08732549772873457,0.004091109685977802,0.6062082178032264,0.011107392499799923,0.18790901446566402,0.10331896013547526,3.980768112187625e-05
ISIC_0024612,bkl,bkl,0.09703109157140904,0.10816720706260419,0.3515539512782493,0.10956205391764919,0.23539764761464166,0.09808115204215706,0.000206896513289543
ISIC_0031707,bkl,nv,0.13581813818531838,0.027712931327718897,0.14477788080135015,0.007743904301061713,0.29159644059749334,0.3919932421132333,0.0003574626738242512
ISIC_0025040,bkl,bkl,0.01434018997867672,0.01523608864301312,0.35053150224440344,0.026121948106488425,0.2663079391606527,0.32681983332767833,0.0006424985390872818
ISIC_0031287,bkl,df,0.18848730864516106,0.10781621959658173,0.15814247661271932,0.2271303159518715,0.17310590756866698,0.14448248531084232,0.0008352863141571763
ISIC_0025068,bkl,akiec,0.7542597393371789,0.16540644742715216,0.043101786347957895,0.01560073296911029,0.014010207368713879,0.007596520013359012,2.4566536527835572e-05
ISIC_0024312,bkl,bkl,0.0692529485356081,0.07465945056422603,0.3205451704672215,0.22182395412153602,0.25013392960717623,0.06328475023735097,0.00029979646688126706
ISIC_0030976,bkl,df,0.015229854720578724,0.030453019427710233,0.0014379328671077108,0.7751037456278763,0.00016740845515657692,0.00011790983933084525,0.1774901290622398
ISIC_0028707,bkl,mel,0.28012557954281964,0.14912761672063476,0.22722961454832036,0.013259746531100836,0.3024579171525665,0.027176258486166803,0.0006232670183912086
ISIC_0028611,bkl,bcc,0.1951837148518267,0.5434408774398007,0.012225177801209564,0.21257492368359485,0.028584638631287015,0.007753793862429482,0.00023687372985168784
ISIC_0028628,bkl,bkl,0.077123555275401,0.10273319853875534,0.28396282660644134,0.17553059070220653,0.19522686811069803,0.16158758397725884,0.0038353767892390024
ISIC_0030240,bkl,bkl,0.1418590497439082,0.0038493185979173845,0.8238524777720636,0.005674413820216375,0.021593936682136754,0.0028903578170008616,0.00028044556675670373
ISIC_0031519,bkl,akiec,0.3313710460823003,0.1205519513529529,0.09602054226462785,0.12219499311305168,0.10860420481234978,0.21189006665728935,0.009367195717428303
ISIC_0025113,bkl,akiec,0.4114652946741055,0.07261840370598567,0.1873315058528561,0.045889013519930674,0.15693868969580663,0.12519956366530638,0.0005575288860092067
ISIC_0028121,bkl,bkl,0.24734988180980916,0.012705163034948683,0.47147874191968986,0.008514778358781552,0.20629060360003926,0.05365970921210933,1.1220646221485707e-06
ISIC_0025434,bkl,bkl,0.07465824754544832,0.0021913794092932913,0.803221632759045,0.003902677065033866,0.07738609653544476,0.03862653018404703,1.3436501687726287e-05
ISIC_0028165,bkl,bkl,0.14571391187469498,0.006412383539856207,0.7564857582007917,0.004217552262136366,0.07384187083768413,0.013325342288598803,3.1809962378102314e-06
ISIC_0024786,bkl,bkl,0.21085156426898685,0.025405473785075162,0.5606402468622719,0.02706144576522316,0.11963645124022643,0.05595225666602468,0.00045256141219185235
ISIC_0031037,bkl,bkl,0.257112459054713,0.017864691459540533,0.4676010922170184,0.07311294914033702,0.09261506128860165,0.09159977429596616,9.397254382330601e-05
ISIC_0030383,bkl,bkl,0.13696662331333784,0.14964522374861686,0.4761268127501691,0.010638443107022047,0.1846533308384924,0.041825753144547666,0.00014381309781427812
ISIC_0025465,bkl,bkl,0.1163136336550217,0.17855145849157855,0.43453267006462803,0.0409898561750397,0.20770164124855695,0.021839463980749745,7.127638442525504e-05
ISIC_0026277,bkl,bcc,0.24759911420772557,0.36606712015542087,0.08985573287809553,0.21977052966320662,0.032002338280778385,0.04277321515200773,0.001931949662765097
ISIC_0028294,bkl,bkl,0.09454190482382657,0.04675249231916565,0.5422344144739345,0.20827049586866692,0.02462627033865988,0.08337083117896422,0.00020359099678248988
ISIC_0028662,bkl,bkl,0.28810770574189953,0.15104033598969843,0.34555718237311056,0.026115636157500986,0.15466059031837998,0.03448046520779286,3.80842116175891e-05
ISIC_0031349,bkl,bkl,0.11834841446499966,0.0530378288170064,0.5904244802239901,0.09187993610670332,0.08289486679904846,0.0630746973041212,0.00033977628413088984
ISIC_0026263,bkl,bkl,0.2816064572134194,0.07166717456097717,0.34127627451851367,0.018663052875306976,0.19409346450484596,0.09259968240407122,9.389392286552806e-05
ISIC_0026280,bkl,bkl,0.10101924475843803,0.0412309014551541,0.6591851498700078,0.013019426127816784,0.14060047272012252,0.04491866885374799,2.6136214712784602e-05
ISIC_0027811,bkl,bkl,0.20388572159135682,0.07434795850416247,0.49954647262057283,0.043340195944641724,0.13164829383485374,0.047194163950389265,3.7193554023317594e-05
ISIC_0024705,bkl,bkl,0.1429737836983743,0.045398201047788626,0.6299553199229594,0.04472786133713256,0.07057726412706611,0.06620943386176327,0.00015813600491574697
ISIC_0026803,bkl,bkl,0.12303888644051174,0.016308082127608352,0.7889290818555849,0.02656402987836033,0.01507034514099358,0.02963291060111299,0.0004566639558280075
ISIC_0027737,bkl,bkl,0.08696446935109663,0.021197763581238278,0.727318918016306,0.03868834837353874,0.06046182877884822,0.06524303513765363,0.00012563676131844382
ISIC_0024774,bkl,bkl,0.09542682186834238,0.0037137318039844234,0.5205232774747635,0.0238674987220796,0.0633059850067121,0.29305191918632945,0.00011076593778866354
ISIC_0026016,bkl,bkl,0.2078507609119439,0.2619427327010311,0.38705164884255217,0.05074883601802354,0.07731045683293741,0.015058651001445496,3.691369206639788e-05
ISIC_0029505,bkl,bkl,0.24527375710614865,0.17367753237504302,0.4228369062702583,0.07863590962792624,0.04256799816260887,0.03644327935609088,0.0005646171019240506
ISIC_0031677,bkl,mel,0.12096851464227279,0.0319497044790096,0.3022576677398307,0.02659683114946447,0.4388789471099636,0.07927220034325191,7.613453620691249e-05
ISIC_0027162,bkl,akiec,0.46753398037425026,0.0018911596813190668,0.360489834345779,0.010095635520206184,0.07165981745278077,0.08826551531666094,6.405730900362596e-05
ISIC_0031277,bkl,bkl,0.20444264069110032,0.15270187342327662,0.4142505657216466,0.09596159175308484,0.09339015932327024,0.03908535050297149,0.00016781858465010404
ISIC_0031853,bkl,bkl,0.20516063402942142,0.08216783728347221,0.5967237484261229,0.043742053463504606,0.049026718693698144,0.02308008511709441,9.892298668636987e-05
ISIC_0025753,bkl,bkl,0.21539939807385636,0.013626066262196538,0.5945753037743542,0.11286728108120195,0.04239309634658654,0.021132379693739857,6.474768064544353e-06
ISIC_0031600,bkl,bkl,0.281488927524292,0.024413417558850955,0.5306740115317946,0.07818553002878383,0.06285086071973116,0.02235866112772246,2.859150882494423e-05
ISIC_0028490,bkl,mel,0.19157116786244807,0.001603478537281821,0.32024820441110163,0.0020380681458113106,0.3429790794628652,0.14127770648595342,0.0002822950945388313
ISIC_0025103,bkl,bkl,0.14351572811465815,0.016797409270472227,0.585496774220511,0.032443971028844096,0.1461632668467143,0.07556450841328248,1.8342105517811633e-05
ISIC_0025710,bkl,bkl,0.198954020053551,0.008367784171270064,0.6054061388136108,0.050639568427913194,0.0769028856429611,0.059725199329876646,4.403560817170362e-06
ISIC_0024782,bkl,bkl,0.01811735569785894,0.015563816042954407,0.43591879719565696,0.0417992133368184,0.24969641051381816,0.23857424327004537,0.0003301639428477823
ISIC_0029872,bkl,df,0.18493460170925194,0.09838223903897592,0.24414492767442444,0.2746560563229811,0.13000000085693944,0.06730832455973491,0.0005738498376921972
ISIC_0029135,bkl,bkl,0.06776448667242593,0.015315027388530316,0.4237830522483238,0.011852246612273723,0.17702491785364474,0.30397961025834214,0.00028065896645952995
ISIC_0029947,bkl,bkl,0.1186366346870101,0.04308993516935304,0.7427139806323522,0.02865912122839698,0.05139110970539734,0.015452749032709814,5.646954478055495e-05
ISIC_0029320,bkl,nv,0.0246483502155882,0.005366358239515741,0.11806113531873909,0.04337404209944143,0.07245231020312902,0.7314947491324723,0.00460305479111444
ISIC_0029427,bkl,nv,0.09416766176771635,0.0049145394609920465,0.21687456352979376,0.09858512485294299,0.08335754626936151,0.5013885841960608,0.0007119799231325761
ISIC_0029464,bkl,bkl,0.25177978961358655,0.23978059399905866,0.29283810965145757,0.12478227142559031,0.06022218459546969,0.030479281731921017,0.00011776898291633833
ISIC_0024915,bkl,bcc,0.18012190003240494,0.4699743250833277,0.2782365848517909,0.025230943853500182,0.037477433005584336,0.008905401078818898,5.3412094572999886e-05
ISIC_0027820,bkl,bkl,0.2728977678909325,0.007196087809863582,0.5583184493293352,0.02280909454422986,0.12689471337183553,0.011880783455532512,3.103598270900014e-06
ISIC_0026717,bkl,bkl,0.26755946725377794,0.012070410926395164,0.4863378619005788,0.025944210414177944,0.18744269913272762,0.02064192569031461,3.424682027824403e-06
ISIC_0027559,bkl,bkl,0.23275556011049872,0.012963711409637316,0.5195005720050327,0.07008714427561633,0.07220203590580726,0.09245521279214475,3.576350126290622e-05
ISIC_0024408,bkl,bkl,0.14721949057522912,0.016012276399761795,0.6002149558932063,0.15569368629630145,0.04528174759243136,0.035423611030024525,0.0001542322130452629
ISIC_0028347,bkl,bkl,0.04118444908376337,0.06784398309270624,0.500382094749072,0.010528780560444678,0.3062021981611609,0.07150198590447396,0.002356508448378805
ISIC_0033460,bkl,bkl,0.18423656971017532,0.05173365005147249,0.5553226460594122,0.010367461842449749,0.15236857099050327,0.04591372072907463,5.7380616912225476e-05
ISIC_0033722,bkl,bkl,0.2664693494593749,0.028890256511590284,0.6181462848503221,0.023798250156417046,0.05302493105113217,0.00966342984923289,7.498121930702524e-06
ISIC_0030630,bkl,nv,0.036420851784292024,0.012524859620663749,0.1578671319442761,0.018496395240187914,0.3818361132880672,0.3915545844850366,0.0013000636374764477
ISIC_0033701,bkl,mel,0.09180268162902726,0.022887404170020813,0.26764752606225317,0.02865817518425415,0.37086980192312513,0.2177703724703017,0.0003640385610177168
ISIC_0033884,bkl,bkl,0.2155263158672777,0.02516281712550388,0.3107443476293412,0.031445415757559846,0.21637093525056939,0.2004436479606467,0.0003065204091012618
ISIC_0027747,bkl,akiec,0.31994595731947284,0.02719101174441737,0.28316041105381634,0.06426817691215338,0.2154679273513991,0.08989486219866777,7.165342007317502e-05
ISIC_0031133,bkl,akiec,0.3258334276917461,0.13012579895270654,0.2799223755132912,0.07068097759689587,0.05394800285376613,0.13070720499075764,0.008782212400836292
ISIC_0027875,bkl,mel,0.02567043541570919,0.008430155527027411,0.1664509735799374,0.03344738368643933,0.40542519972268515,0.3604003630088359,0.00017548905936566928
ISIC_0028497,bkl,df,0.2614502235299379,0.04594760190575383,0.0383434307793782,0.31615858664143787,0.010158683950083127,0.2735645930504833,0.05437688014292579
ISIC_0026441,bkl,bkl,0.2729095535575833,0.061181489241358154,0.2850149611049653,0.15910000196327875,0.06734581537754462,0.153511839952045,0.000936338803224921
ISIC_0028448,bkl,bkl,0.16322906774458035,0.13730390345933186,0.3438957274856934,0.06175981323784458,0.2181098372303726,0.07491158436275154,0.0007900664794256884
ISIC_0028826,bkl,bkl,0.012079643270810316,0.011787563794544905,0.760102939689899,0.0012362816812835663,0.0556357821456641,0.15909642153906092,6.136787873699456e-05
ISIC_0032460,bkl,akiec,0.3304790863895199,0.18836936854374609,0.22252425009678578,0.13967006618817862,0.06422838873045163,0.04261009970391763,0.012118740347400295
ISIC_0030067,bkl,nv,0.0749016424173129,0.005248230351023886,0.11537655217745586,0.22134392719641274,0.04728927368068164,0.5348714032424914,0.0009689709346215611
ISIC_0031436,bkl,bkl,0.26429927563056954,0.008833050745191461,0.30901452155927656,0.06424431399001324,0.09551901321382139,0.2580264907131628,6.333414796500455e-05
ISIC_0027954,bkl,nv,0.06762665812123454,0.06459860101654068,0.14122265407218806,0.09581956073988379,0.10671523960161318,0.5234100848365315,0.0006072016120082876
ISIC_0025131,bkl,bkl,0.09585900037708303,0.2202574603004277,0.35281878169819814,0.004135646270328049,0.32159349540301124,0.0050514363067866224,0.0002841796441652027
ISIC_0031125,bkl,bkl,0.02148769675577594,0.009632564507921236,0.4028115684023074,0.051056080043810924,0.34102753163154365,0.1731018045185082,0.0008827541401327621
ISIC_0029227,bkl,nv,0.014967158601044252,0.0013630887951364822,0.04782941552971497,0.022919808412845667,0.03248590089545152,0.8789158008552923,0.001518826910514638
ISIC_0026416,bkl,nv,0.07590433462401017,0.0808006893291176,0.2801340356536594,0.11467023488058807,0.10963623776325017,0.3343108386489649,0.004543629100409745
ISIC_0031362,bkl,bkl,0.13492724926281693,0.019945520133162555,0.423845689698959,0.06254267146301135,0.17292351104806156,0.18566953269107137,0.00014582570291714203
ISIC_0031761,bkl,nv,0.01118455831564917,0.0021034587018625745,0.12540239667012212,0.03924646767274829,0.09865031710110442,0.7233887480362375,2.4053502275840848e-05
ISIC_0026042,bkl,bkl,0.1662570544204182,0.01362941756262939,0.7997079738852606,0.005582238046294636,0.01363844213755746,0.00020253067592547515,0.0009823432719143791
ISIC_0029248,df,bkl,0.18544200757170604,0.01933632822562585,0.37302119241720805,0.36372771544970894,0.019553994795928346,0.03885785221939071,6.0909320432311404e-05
ISIC_0030442,df,bkl,0.17785538283224947,0.03554091513420884,0.4299264544892779,0.147144884913936,0.06469797371910944,0.1446883957456764,0.00014599316554189442
ISIC_0027727,df,df,0.2025519986509278,0.31984189824927056,0.014250660138182021,0.43016002338695114,0.0077983179534344745,0.019364117283205702,0.006032984338028345
ISIC_0027107,df,akiec,0.42985617574269497,0.10066593255933354,0.04697626161796632,0.41562602424021455,0.004860772569576341,0.0017440644399147112,0.0002707688302996816
ISIC_0027648,df,df,0.23126883272570037,0.1250092150773464,0.11766475969907231,0.47726146222499105,0.006245295356735045,0.03821314850496042,0.004337286411194503
ISIC_0029967,df,df,0.12436433803033262,0.04878385851207464,0.03284737692864855,0.6745858960992566,0.04701504031604672,0.06854158080470955,0.0038619093089314067
ISIC_0027876,df,akiec,0.48383967907734315,0.06653152883576734,0.06248341481630273,0.11884158915898953,0.17056031702697075,0.09736138182079845,0.0003820892638282547
ISIC_0030011,df,bkl,0.10353045418043733,0.03374970750075026,0.327049915870142,0.019410210483804712,0.20131263999045465,0.31097713521483467,0.003969936759576334
ISIC_0030427,df,akiec,0.3602304116057222,0.05959836814755794,0.1989639952839699,0.13539334002696052,0.19588772980795766,0.04868911757207883,0.001237037555753002
ISIC_0027626,df,akiec,0.39197746248548204,0.09646240438961692,0.17778040009705637,0.14990362280108088,0.08552640633167805,0.09624518919054019,0.002104514704545504
ISIC_0030757,df,akiec,0.48466875223208333,0.2631305257830609,0.01013379118933804,0.2367391737511409,0.0025896797790715726,0.00147884889068385,0.0012592283746212353
ISIC_0031358,df,df,0.229812737357006,0.33199830492119675,0.004192775611862145,0.4321804205203529,0.0014931069160082535,0.00024238298428780374,8.027168928639216e-05
ISIC_0031735,df,akiec,0.5495137305951042,0.31582750280621114,0.023951854836109083,0.10872324519297694,0.0015567443838686865,0.0001727921719315929,0.0002541300137983987
ISIC_0029962,df,mel,0.1927982192694907,0.1223621381129523,0.17499546407313896,0.18167981593043103,0.21691777620085664,0.1104843957681967,0.0007621906449336691
ISIC_0031457,df,bkl,0.13667944054446557,0.03904385748839342,0.34684713776293374,0.12662721126875032,0.1627553475681097,0.18686676533943677,0.001180240027910525
ISIC_0030015,df,df,0.036590344245400655,0.09674465673068512,0.004620709473479938,0.859746297575421,0.0007879215786014551,0.0002415293034098038,0.0012685410930019794
ISIC_0031123,df,df,0.03206005193439765,0.1819830531711184,0.10103433007156205,0.3170750285363478,0.028292635747801265,0.21415732561107823,0.12539757492769457
ISIC_0024845,df,nv,0.007432540814703594,0.013804093394774633,0.0569932236879032,0.22292330622555812,0.0533273219427916,0.6409271325300625,0.004592381404206445
ISIC_0032613,df,mel,0.21573697356905455,0.019080305125695012,0.19133809589974085,0.09444021660997368,0.3617228911438281,0.11573471303655682,0.0019468046151510441
ISIC_0033256,df,mel,0.1676671066104699,0.0475079705648784,0.07451087825106906,0.28266406721421355,0.352132010825936,0.06530524769192111,0.010212718841512064
ISIC_0033695,df,df,0.021513110384962997,0.0046322099914771755,0.021692517569533096,0.647884491512008,0.021201010170657546,0.27783179072850245,0.005244869642858731
ISIC_0033005,df,df,0.004308077667059559,0.0033974609342167774,0.0018506650410111387,0.7571135248831214,0.0009165617586546955,0.02143592805946343,0.21097778165647296
ISIC_0033422,df,df,0.039735899050437486,0.018043103944163814,0.08290012580228985,0.6964958295704317,0.03398102674460887,0.10779362165803223,0.021050393230036112
ISIC_0027488,df,df,0.030426599685345414,0.010650825401278811,0.008425404535617225,0.9149471551633045,0.005145938505567524,0.026936240060432735,0.003467836648453825
ISIC_0027141,df,df,0.007333238920370995,0.03536892723994628,0.0014791775711288343,0.8043406637663217,0.002729898947556754,0.04416194857843579,0.1045861449762396
ISIC_0029177,df,df,9.362082102681464e-05,6.71642534381058e-05,1.2710256783459815e-05,0.9622894008876646,2.9654902131787923e-06,0.002918286996739976,0.03461585129413388
