image_id,true_label,predicted_label,prob_akiec,prob_bcc,prob_bkl,prob_df,prob_mel,prob_nv,prob_vasc
ISIC_0027419,bkl,bkl,0.20905385708471916,0.05341084459110882,0.45042187153145913,0.13589661622007196,0.12197442499610377,0.029234868475725644,7.5171008113789796e-06
ISIC_0025030,bkl,akiec,0.3962065794334883,0.02073903422598757,0.36226916627527567,0.06728599492427903,0.1474652938532116,0.006025649789498699,8.281498259074632e-06
ISIC_0025837,bkl,akiec,0.3104769287314839,0.05890470273369316,0.06847446313285444,0.26663967446372355,0.14936730625894729,0.04320142445050245,0.10293550022879518
ISIC_0025209,bkl,akiec,0.6593466006367896,0.04316561528185353,0.15348391152911167,0.035452827499381084,0.1077872672301997,0.000733089520010049,3.0688302654342575e-05
ISIC_0025767,bkl,bkl,0.02138970420575524,0.0010547170006924404,0.42207379577963916,0.0689872059603038,0.1975064379340859,0.28888365485070355,0.00010448426882001789
ISIC_0032417,bkl,bkl,0.047511772953995286,0.019466257758188343,0.8310963574354375,0.004382194250625426,0.04824202647671658,0.04928078182410908,2.060930092771407e-05
ISIC_0031326,bkl,bkl,0.29716059331335193,0.07184625962405407,0.3551528019982731,0.058473277987807326,0.15129685556731218,0.06605273409873434,1.7477410467161002e-05
ISIC_0025915,bkl,mel,0.026860355499228397,0.10026284994664961,0.23378126823943227,0.00024113328937948992,0.5702545462550619,0.06854765715240148,5.2189617846921924e-05
ISIC_0031029,bkl,mel,0.02472877258690249,0.21461623605085214,0.2832870717559364,0.006854091095102172,0.335432135841815,0.134982080514658,9.961215473379765e-05
ISIC_0032343,bkl,bkl,0.016821574985288034,0.00032815175665667465,0.8983199703480872,4.6346577240614355e-06,0.08289736225428963,0.0016282856083183253,2.0389635906301337e-08
ISIC_0025819,bkl,bkl,0.15524547199327737,0.022833703098421598,0.6679104358989787,0.030382164427418052,0.09538460624821782,0.028241045832705675,2.572500980655328e-06
ISIC_0032013,bkl,bkl,0.3548475810860059,0.013594170883399022,0.4405961499205959,0.06104441412323471,0.033919402132057144,0.09599649785163729,1.784003070198626e-06
ISIC_0029301,bkl,mel,0.0027481843854120867,0.08572764584767462,0.10004016595752711,0.004045447931471329,0.7131765764611645,0.08852031004282285,0.00574166937392739
ISIC_0026637,bkl,df,0.00024135499451240775,0.0019266478061171163,0.26504822327645583,0.29988098949551234,0.2839338975452973,0.13719762865747695,0.01177125822462805
ISIC_0031967,bkl,nv,0.009200142983862875,0.2319393365695293,0.21733829243952693,0.17132146103236914,0.014396594809466201,0.35428431981544706,0.0015198523497983781
ISIC_0031584,bkl,bcc,0.012980509257209179,0.8498174767798758,0.030772096094807303,0.02537497028118729,0.010167203493501658,0.044972502597341674,0.02591524149607713
ISIC_0029289,bkl,nv,0.021297441839528638,0.07393097050378206,0.12616940734074067,0.10402601880631451,0.12564334253987366,0.5452358863489071,0.0036969326208534372
ISIC_0029912,bkl,bkl,0.000326006679907925,0.0005465575297859199,0.40782238573617086,0.0031110381962225226,0.19067638154585195,0.39746961678296966,4.801352909116115e-05
ISIC_0033539,bkl,nv,0.0001792341913801535,0.00017321989960664174,0.39273674853875684,0.13945371080106753,0.06423694207945412,0.40183375387104026,0.001386390618694452
ISIC_0029308,bkl,bkl,0.05748179983285104,0.002942368510453994,0.6710222412003991,0.0010133206047288669,0.23740375800519947,0.0301344343344243,2.0775119431851477e-06
ISIC_0027957,bkl,mel,0.059529989894593224,0.0898581481376179,0.28136463008888085,0.046359139571308376,0.4368517862422272,0.08495167418920133,0.0010846318761710515
ISIC_0031212,bkl,bcc,0.01943396911995317,0.5748279995164672,0.10247009319609036,0.04705045556852836,0.2377815159178588,0.01820643532205649,0.00022953135904558024
ISIC_0026794,bkl,bcc,0.2360991791623993,0.33212418789087006,0.33057330077200725,0.04144605151295365,0.05329991660825714,0.006266704611856785,0.00019065944165564256
ISIC_0032949,bkl,mel,0.0045257324258080505,0.006087341000874887,0.11415332694151532,0.00031598511346542555,0.8291249690839175,0.04571195507568206,8.069035873679151e-05
ISIC_0033322,bkl,mel,0.01346412895251917,0.005033346708490931,0.3303079841566333,0.00037904439521952083,0.595399156122997,0.05539831126057808,1.802840356192054e-05
ISIC_0033127,bkl,mel,0.006919218294647472,0.0010263194713006347,0.40072346744174475,0.00019721568250009958,0.5445489184778874,0.046567829021396535,1.703161052310719e-05
ISIC_0033041,bkl,bcc,0.2904656297057952,0.35809267741121475,0.20398756560384654,0.04293563122865204,0.07949982006706127,0.024873408861443715,0.0001452671219864132
ISIC_0033900,bkl,mel,0.07843909124722685,0.060180417659875016,0.14141905417668588,0.026838719933343507,0.5025421685870861,0.19052558665540179,5.4961740380839303e-05
ISIC_0033361,bkl,mel,0.021713690269986596,0.0052121328282681715,0.12570917650662827,0.016162793252254778,0.7442766087251759,0.08689060499965165,3.49934180346924e-05
ISIC_0029683,bkl,mel,0.0016669230933461462,0.0002387300923321272,0.39736675129238647,0.00019634874764506042,0.5864126155238482,0.014117740078225666,8.911722162714527e-07
ISIC_0033716,bkl,mel,0.014035997028005965,0.14900381615415056,0.21045403538899682,0.009818565375439773,0.5272189254411015,0.08908154701353126,0.00038711359877411326
ISIC_0034011,bkl,mel,0.09300655327067686,0.019249547162784104,0.1509300094026513,0.010413028340892288,0.6458080541636865,0.08058804374514038,4.763914168541395e-06
ISIC_0033613,bkl,mel,0.014808504940319036,0.0009975183000160695,0.19764034010138884,0.0036169033767733836,0.6737684567325808,0.10916483896887022,3.437580051788856e-06
ISIC_0032688,bkl,bkl,0.02569804669503707,0.012746856528556031,0.8150155185841361,0.010149105777425066,0.0930243859865576,0.04328898458255318,7.710184573509302e-05
ISIC_0033252,bkl,mel,0.11268626836626501,0.012394263668591261,0.1801261157642259,0.02639900466219285,0.4259879979644217,0.24007774774162782,0.0023286018326754243
ISIC_0032570,bkl,bkl,0.07650080927072607,0.023201462018877565,0.6900763838575406,0.018356802931025394,0.14940905731804824,0.04211663927463152,0.00033884532915071027
ISIC_0033736,bkl,mel,0.0861643365321915,0.041643266845743855,0.3023861443338328,0.0398602340933488,0.4874648053703731,0.0424109972083875,7.021561612259701e-05
ISIC_0033378,bkl,mel,0.1892625377757867,0.03980314747282337,0.1168260356632897,0.11429659990325011,0.39480434330513886,0.14263503423553558,0.002372301644175638
ISIC_0032665,bkl,mel,0.0189729195628791,0.006711079464620243,0.22096214722044155,0.00014351308623684916,0.7328905542910275,0.02031867468984455,1.1116849501819138e-06
ISIC_0033130,bkl,bkl,0.2118582600425826,0.08586581896292186,0.4337284878744749,0.00311282243872882,0.24990969805753946,0.015519872122450457,5.040501301964822e-06
ISIC_0033853,bkl,bkl,0.06694800344343375,0.0012800403194216546,0.6608840834124554,0.007809887520928585,0.0948307015820361,0.1675735588684446,0.0006737248532799491
ISIC_0033453,bkl,mel,0.07193124547642793,0.007077482515991682,0.28903492669552555,0.002690825070698862,0.5251823180597052,0.104003934669142,7.92675125088827e-05
ISIC_0034126,bkl,bkl,0.034236453646632296,0.01055102849096993,0.635924681760408,0.0031343809959679097,0.2579269962936709,0.05782635046779446,0.00040010834455656144
ISIC_0034303,bkl,bkl,0.22081024393694826,0.07331827734615695,0.6797474725617927,0.00020591782972446577,0.019473625811772113,0.0064284319403109256,1.603057329449201e-05
ISIC_0034031,bkl,bkl,0.026974884082558655,0.0032608375978472126,0.959355389217979,7.078088306078629e-05,0.00859808803485719,0.001736825978913803,3.1942047832585296e-06
ISIC_0033124,bkl,bkl,0.0823665995952124,0.2865605343228211,0.6034483179328206,0.008973392636980177,0.01628258860589777,0.002293184876776061,7.53820294918993e-05
ISIC_0032898,bkl,bcc,0.029851764811082402,0.44557719852214656,0.2963458651648315,0.01234432244987605,0.2028523432491796,0.012890612063154014,0.00013789373972984676
ISIC_0033488,bkl,bcc,0.04448946295893966,0.8042011223642224,0.05907462968847983,0.03250236396593429,0.04785180191642556,0.006781753662546517,0.00509886544345157
ISIC_0033758,bkl,bkl,0.004147093108884066,0.33311336386296014,0.5399169354402883,0.0029525655633734784,0.11001815405350686,0.009730448030425963,0.00012143994056128275
ISIC_0033507,bkl,mel,0.00974122652286531,0.00172485595342348,0.12181473081599334,0.005125747065928225,0.6919847745960187,0.1692898932479127,0.0003187717978581499
ISIC_0033791,bkl,mel,0.00477799800991498,0.001753970162323936,0.1035911194573547,0.009676535220161462,0.7479603552574932,0.1320895383094936,0.00015048358325822847
ISIC_0034003,bkl,mel,0.08755898385907854,0.3204080099383885,0.03613809155884418,0.021778178693828636,0.5228080193721292,0.011304005354424981,4.711223306103851e-06
ISIC_0033079,bkl,mel,0.030059851782859373,0.2159445493789508,0.1526088823485942,0.061827348145687674,0.5387427618818186,0.0008164606174147615,1.4584467451516433e-07
ISIC_0032215,bkl,bkl,0.0060004509320105166,0.17219650005636886,0.5873189946337138,0.01278012081948655,0.1513094777615526,0.07021757601044028,0.00017687978642735616
ISIC_0030124,bkl,mel,0.00017757608934256192,0.0003567529984633776,0.13448237836996255,0.0001750384664343649,0.7110991245218261,0.1528851225557414,0.0008240069982296145
ISIC_0025157,bkl,bkl,0.08145121476026194,0.026442588192194656,0.5770564488510876,0.028628309335816334,0.13368132240468206,0.1526481430008702,9.197345508706555e-05
ISIC_0027218,bkl,bkl,0.04583895860056238,0.00780054702733756,0.570810779098565,0.016711824107798756,0.28708113444749633,0.07170851745995235,4.823925828759496e-05
ISIC_0030705,bkl,bkl,0.03192045105680097,0.03280987697985881,0.557340403047672,0.09618073367269658,0.10411488252310866,0.17762208466348145,1.1568056381594946e-05
ISIC_0030272,bkl,bkl,0.012837739402674964,0.009491037541189972,0.6558154499783944,0.11296597569349552,0.07751573934215575,0.1310255588309977,0.00034849921109183655
ISIC_0028020,bkl,bkl,0.0006852934166405797,0.0005008988500946528,0.5056322913099652,0.4728036904750157,0.0003099212310867129,0.01961852218857866,0.0004493825286185026
ISIC_0032325,bkl,nv,0.06961057344971663,0.025387653333594395,0.31508732926385985,0.04283899503809735,0.08296045930841839,0.46409215464177134,2.2834964541931275e-05
ISIC_0028701,bkl,bcc,0.020275781789918134,0.7238175443286261,0.14923931000619967,0.04358703724489722,0.030390274818554726,0.018959848064489332,0.01373020374731483
ISIC_0024672,bkl,mel,0.033803462974160946,0.00896639602219104,0.3013375782516799,0.007262441558274712,0.46413836071099746,0.18444305423483848,4.8706247857491215e-05
ISIC_0027680,bkl,mel,0.0009305927492311976,0.15523372714564612,0.14233023823118396,0.0007233156282182448,0.7000569710063922,0.0001729706413029623,0.0005521845980252551
ISIC_0025656,bkl,bkl,0.007934822515885388,0.2336731918924316,0.7168952960940072,0.005711106090914411,0.03314063980404879,0.002593302315326049,5.1641287386556836e-05
ISIC_0029010,bkl,bkl,0.1675551052699124,0.05032427337495237,0.5644877860372133,0.004922660403778989,0.18952847349832755,0.02315821686138854,2.3484554427015068e-05
ISIC_0029003,bkl,bkl,0.05607372880190747,0.17796543061433673,0.5735634636726883,0.005734435514077487,0.1861448581893312,0.000517502349641146,5.808580177043008e-07
ISIC_0024711,bkl,bkl,0.08834972691083014,0.1100743591571142,0.4493322543399544,0.0008514553500103941,0.3503570039969457,0.0010350590340153251,1.4121112983270387e-07
ISIC_0032335,bkl,bcc,0.16860715859526057,0.26074747887102184,0.14423388962517447,0.1608115040991366,0.15974123452824784,0.001620872334914169,0.10423786194624442
ISIC_0025326,bkl,akiec,0.428384306980225,0.20453740167349102,0.003789622513363749,0.2830061652276298,0.011134690919838838,0.0007331318937720435,0.06841468079167953
ISIC_0025507,bkl,bkl,0.024031788832819444,0.00021715436635200296,0.8342773708124954,0.0007345950818954426,0.11219970085394326,0.028535662602091626,3.727450402975573e-06
ISIC_0024592,bkl,bkl,0.007817290031463697,0.030916448559861538,0.747890336546307,0.008089684651398634,0.20491647666461626,2.9557348588844796e-05,0.00034020619776399394
ISIC_0030721,bkl,vasc,0.003688233146285211,0.10950252764709419,0.021345261871879073,0.03711715679640652,0.036530072865964505,0.04274510067149017,0.7490716470008802
ISIC_0031130,bkl,mel,0.009429963682005453,0.0018873036999437441,0.16045132153722555,3.779264931134902e-05,0.7626977826767517,0.06549171665268606,4.119102076250331e-06
ISIC_0028308,bkl,bcc,0.14876952178824637,0.3343951998196722,0.2557863072619419,0.016884794345960182,0.129593395308657,0.10924900356309238,0.005321777912429779
ISIC_0024505,bkl,mel,0.22169991953858084,0.09594811305725663,0.1488570083528409,0.015354154986158866,0.42572107454227637,0.09241896410592612,7.654169603313569e-07
ISIC_0029340,bkl,bcc,0.029800025738100686,0.5570455601410725,0.06952642558046179,0.0012806007286212532,0.16642252184470205,0.17588154314275398,4.332282428777554e-05
ISIC_0026607,bkl,mel,0.11219760249556147,0.09308070731539007,0.3670188566291497,0.00015078016428768235,0.4066762364079737,0.020538561085152104,0.00033725590248538466
ISIC_0025842,bkl,akiec,0.5429922747265895,0.2547032492871382,0.03747888112333436,0.12680436575155055,0.03480654950388017,0.003150112332008579,6.45672754985783e-05
ISIC_0030706,bkl,mel,0.0851355844888138,0.01167850775458248,0.12517275668120803,0.02350438721487332,0.5217874404499789,0.2325707527094167,0.00015057070112679588
ISIC_0031424,bkl,mel,0.09669408934141183,0.017430726562638544,0.3341175091850987,0.03335432134233269,0.47180418348016234,0.04656853374730508,3.063634105067126e-05
ISIC_0029770,bkl,bkl,0.1005664738587202,0.007586293580967571,0.644860484618997,0.004489283078264586,0.19768761258132683,0.04480253334011451,7.318941609130523e-06
ISIC_0027026,bkl,df,0.18195110769182166,0.007716802008380926,0.0029872171719620495,0.7489129604974079,0.0413346885684805,0.016774351162614845,0.0003228728993320702
ISIC_0027584,bkl,akiec,0.5394897715174359,0.39507541779369526,0.026260722645367125,0.035650341346116096,0.003383630494891479,7.328567629635721e-05,6.683052619764498e-05
ISIC_0026775,bkl,bkl,0.38421545459312095,0.058170017987657176,0.5042117129834048,0.023951179162317177,0.024401081977472514,0.0047926989904122745,0.000257854305615141
ISIC_0032348,bkl,akiec,0.39207074975714407,0.10431966571915083,0.11186571482150029,0.01430368094425397,0.2572661544162087,0.11766371712706007,0.0025103172146821143
ISIC_0024883,bkl,nv,0.03397599609435305,0.030907142116772004,0.18005499453579235,0.056535558059091696,0.21336126808048025,0.4747080520676724,0.010456989045838243
ISIC_0027295,bkl,bkl,0.13522623436269485,0.028160294469838816,0.6316878522467013,0.06851652879723544,0.11969948619560429,0.016590621394801105,0.00011898253312411734
ISIC_0024358,bkl,bkl,0.1155596485723614,0.02161958534406428,0.44832277550096145,0.0036574327034333684,0.27893013383593473,0.13185523890178763,5.518514145717012e-05
ISIC_0027771,bkl,bkl,0.046484245213489636,0.015573150667354098,0.4349857709980465,0.001302375061947742,0.3996302085662194,0.10202217208796578,2.077404976954098e-06
ISIC_0028846,bkl,bkl,0.15884296387820718,0.1289508775823185,0.4812852067661465,0.008647630890359928,0.14045120936263858,0.0800950006540851,0.001727110866244378
ISIC_0026159,bkl,bkl,0.1162207726470868,0.022861352929611323,0.7167448653883222,0.002660109176389683,0.10389381741131613,0.037597092789728156,2.198965754567132e-05
ISIC_0030783,bkl,mel,0.030769238787917225,0.006303307267634182,0.07208298885276235,0.006801501611034977,0.5921695467545152,0.29185561478721067,1.7801938925526058e-05
ISIC_0027606,bkl,mel,0.001562359266203007,2.806505742976448e-05,0.444987305066041,9.085443249486807e-05,0.5312236051322622,0.02210537840751319,2.4326380559324138e-06
ISIC_0025703,bkl,mel,0.156089907856377,0.04462768712074305,0.25189932434374895,0.004483285419525681,0.5133033061168918,0.029565776560696956,3.0712582016733534e-05
ISIC_0032051,bkl,bkl,0.14603812235672486,0.002105807202932169,0.36970069168040387,0.11220177287153336,0.08596245170943781,0.283937662755433,5.3491423534822516e-05
ISIC_0027996,bkl,bkl,0.05319211680508995,0.13597489347992303,0.759558143412525,0.0034409980172804056,0.03833978168564557,0.0094131076035373,8.09589959987634e-05
ISIC_0026644,bkl,bkl,0.009056507531947292,0.00569408188541074,0.8862903290073512,0.0026415002770873376,0.053090176372727976,0.043163168275826565,6.42366496488852e-05
ISIC_0031686,bkl,bkl,0.29068724801972035,0.028801082405199067,0.453645660788021,0.11511513019504911,0.025904592563668595,0.08576423763824705,8.204839009483654e-05
ISIC_0030208,bkl,bkl,0.06487278921296089,0.04938524580209696,0.8391282508524719,0.001832319888767573,0.030722902417710456,0.013906839147136418,0.00015165267885569958
ISIC_0031770,bkl,bcc,0.013766130275757673,0.5654170248900271,0.11191151531118716,0.15043045996372,0.024732750001299902,0.1292807335988227,0.004461385959185342
ISIC_0026286,bkl,bcc,0.00026790935625982414,0.8401977858311682,0.007820236007864351,2.258999410134714e-06,0.12960339169727308,0.02205784636281501,5.0571745209298e-05
ISIC_0024880,bkl,bkl,0.034213096065836376,0.08362016482330345,0.479145760852324,0.0011549122013675658,0.3780864198456828,0.023778740559601826,9.056518838829417e-07
ISIC_0027706,bkl,bkl,0.07362010483883916,0.17010153392932298,0.5523576110348726,0.0025955946304154066,0.12333878823206265,0.0778877832298866,9.858410460048984e-05
ISIC_0025376,bkl,akiec,0.5717812888815241,0.2248825504582018,0.06943349514448104,0.051177690631301787,0.06295836496335225,0.019441637673455376,0.0003249722476837193
ISIC_0027806,bkl,bkl,0.21487036957040195,0.19131242524220962,0.3605897895049322,0.03131846929319047,0.1712918914348442,0.03058657810765147,3.047684677001824e-05
ISIC_0024547,bkl,bkl,0.10449845511740477,0.009802509015653675,0.5890529055099423,0.026431405179728775,0.2084143368049715,0.06176952195838365,3.086641391532281e-05
ISIC_0025351,bkl,bkl,0.13145894311794862,0.008331299363082873,0.4562238553343529,0.0015181565221829888,0.3404249888019203,0.06188950584149854,0.0001532510190137661
ISIC_0031078,bkl,bkl,0.25903815603495445,0.014343795101889156,0.6071715258617159,0.021474628878801295,0.07804574597920069,0.019864205458793704,6.194268464485863e-05
ISIC_0031464,bkl,akiec,0.4947046799759681,0.02522231910508213,0.1661534330627371,0.00845319707710207,0.12780016985894008,0.17756639013739,9.981078278040021e-05
ISIC_0029031,bkl,akiec,0.42498023952675107,0.3315065046899874,0.2301597045306407,0.0010545914168293155,0.0122110452758136,8.128664133151561e-05,6.62791864625468e-06
ISIC_0025222,bkl,bkl,0.2101512666114388,0.010917235060298968,0.5711654006260858,0.001400759037993623,0.101114939518983,0.1047561389812579,0.0004942601639420416
ISIC_0025973,bkl,bkl,0.29482469390106913,0.08737049854066102,0.3132518309704614,0.007450930589558269,0.14542151345824755,0.1516409040956653,3.962844433714503e-05
ISIC_0024471,bkl,bkl,0.0018810118104061985,0.015589223846784664,0.9272417261547969,5.665847056793118e-05,0.024170125089855436,0.031013368605630764,4.7886021958043045e-05
ISIC_0029878,bkl,bkl,0.0006809317018568272,0.0012941282642876825,0.5318387138707854,0.00011349812117915561,0.25178064630408964,0.21429028308190212,1.7986558991897998e-06
ISIC_0025064,bkl,nv,0.032285792637802534,0.04196543500523015,0.0972080588934087,0.011415319724191532,0.38185501055969856,0.42977439856179245,0.005495984617876035
ISIC_0026514,bkl,df,0.061856126357539516,0.04771908668433203,0.06267390994675298,0.49866908106751273,0.04194602690378646,0.2868903990950735,0.000245369945002749
ISIC_0027192,bkl,bkl,0.206109844333369,0.023240545139554536,0.561872998928116,0.02662634999411225,0.14706209633344278,0.03506643488957369,2.173038183167077e-05
ISIC_0026614,bkl,bkl,0.07517021545778282,0.04813027095640917,0.7589302726051451,0.008513217872397666,0.0424631417582603,0.06676691449778203,2.5966852223120085e-05
ISIC_0028550,bkl,mel,0.21444570133960683,0.1167051982199938,0.0427064807203909,0.06957461890173003,0.44330722172613746,0.11313740881659111,0.00012337027554998328
ISIC_0024477,bkl,akiec,0.5057893603732316,0.2710059883175494,0.04162574672418509,0.04792542161384104,0.10920345339447121,0.023904295359726883,0.0005457342169947404
ISIC_0026493,bkl,akiec,0.3563150038135829,0.24343333338159712,0.08710573813525109,0.14109371193625314,0.1418856817053369,0.028666066488482318,0.001500464539496665
ISIC_0029678,bkl,mel,0.008064838007106246,0.026460315050852837,0.15332576982100396,0.0015301207256966606,0.6417190108599545,0.16886749589566033,3.2449639725548455e-05
ISIC_0030683,bkl,bkl,0.2985117473014549,0.01808515182565206,0.43369886042943523,0.005837598548271792,0.1877384664467471,0.05608215595977709,4.601948866164512e-05
ISIC_0027990,bkl,bkl,0.14906676986402395,0.004067025059327445,0.7283743548337752,0.001974777725674133,0.11404550978975671,0.00246537847951804,6.184247924752482e-06
ISIC_0025883,bkl,bkl,0.0009493719113010724,0.06522360925427725,0.6395106044483297,0.00013000636588746256,0.11573114135566662,0.0724062528485924,0.1060490138159455
ISIC_0030965,bkl,bkl,0.0261911324961543,0.02652532033329129,0.621936377441151,0.0007969660103666053,0.3226378514916562,0.0019123300702905677,2.2157090116319104e-08
ISIC_0026947,bkl,bkl,0.2819235223739089,0.011980244579279506,0.30539280272894537,0.2883874242632638,0.028762663319601083,0.08348033938097672,7.300335402449993e-05
ISIC_0024839,bkl,bkl,0.027127848267864844,0.006645844675748016,0.7891202939704333,0.0057663921243401904,0.10014525347281107,0.07119135507669554,3.0124121071654104e-06
ISIC_0024696,bkl,mel,0.26921466371695213,0.09347312154667912,0.15320066523776227,0.015565149171853903,0.45128084028652066,0.017260359742891425,5.200297340701621e-06
ISIC_0031352,bkl,bkl,0.07691344996725182,0.009527298899845157,0.6444176095960128,0.0029573532762317526,0.056129481046090855,0.21005360089054184,1.2063240258275239e-06
ISIC_0031150,bkl,bkl,0.08267738565918496,0.001986485957445841,0.8208034256541595,0.002399417124790093,0.07486259186420567,0.017270335942534368,3.577976795375609e-07
ISIC_0032024,bkl,bcc,0.14554909728489687,0.5365841056122689,0.06943279687548576,0.011661836761863277,0.22713372374333585,0.009634664756247621,3.774965901903174e-06
ISIC_0030533,bkl,bkl,0.16070179416713787,0.047931584834278,0.33066173066643595,0.06802944263537086,0.11673693876631885,0.2751541195237214,0.0007843894067370189
ISIC_0029080,bkl,bkl,0.20046198504397064,0.04988326718860713,0.7062267147036855,0.009732778501036588,0.02992112129488996,0.003662262890350013,0.00011187037746029467
ISIC_0028650,bkl,bkl,0.18961274043981963,0.03001403409450451,0.6031984077412399,0.10273523345485629,0.05814893056512207,0.015645504486155443,0.0006451492183022117
ISIC_0027973,bkl,bkl,0.22451426107514497,0.008338899351921166,0.7303075799696351,0.001174473714493692,0.029733071964969812,0.005874308357052484,5.740556678279213e-05
ISIC_0029384,bkl,bkl,0.028192705404058754,0.003250767818984495,0.9136567513439443,0.003747601200704598,0.029577618494461402,0.021567087805183703,7.467932662660136e-06
ISIC_0032358,bkl,bkl,0.038458490392494604,0.012473830234954374,0.4521605659672927,0.00029362707019371133,0.216736670278303,0.2798346966786823,4.2119378079289984e-05
ISIC_0031200,bkl,bkl,0.23245198616314738,0.006287452308685197,0.3338766769863594,0.00615808185912058,0.14302463492830803,0.2781272591442596,7.39086101197173e-05
ISIC_0024612,bkl,bkl,0.008006935938012124,0.03200483039177215,0.467029030931401,0.018657875209481378,0.3500353663481374,0.12421973314768092,4.622803351491425e-05
ISIC_0031707,bkl,mel,0.03777059170055215,0.012172347614544637,0.16965742512961565,0.0038823339282171338,0.4050636842788279,0.3711330581073326,0.0003205592409100088
ISIC_0025040,bkl,mel,0.003428078760736698,0.004093498151217833,0.08240289882149748,0.006215763291662224,0.4832851697729731,0.42045874042479625,0.00011585077711637277
ISIC_0031287,bkl,nv,0.08956221554667218,0.13560645793106385,0.2089741630260503,0.1722043901931642,0.16760737415107319,0.22579743215068024,0.00024796700129626017
ISIC_0025068,bkl,akiec,0.8369015397154603,0.10148227028497092,0.03579286933879628,0.0018426894552195684,0.023120911384397383,0.000859473382483451,2.4643867218049396e-07
ISIC_0024312,bkl,df,0.05247764899535188,0.023291074092410154,0.15846394257328056,0.5921558443190033,0.13835267192387912,0.035234462816149954,2.435527992489462e-05
ISIC_0030976,bkl,df,0.004375634283470914,0.015632013823355016,0.0004057954256183945,0.9751443507858941,6.067581303550251e-06,3.353572620706138e-06,0.0044327845277372276
ISIC_0028707,bkl,bkl,0.053464735673923264,0.0757986512510157,0.667209980019592,0.020710633727521886,0.162246132643403,0.0202240938046193,0.0003457728799247937
ISIC_0028611,bkl,bcc,0.18586206154761756,0.7436449296611274,0.007981015060113951,0.04666956929805972,0.007775579233179498,0.007632425656362366,0.00043441954353941174
ISIC_0028628,bkl,df,0.06590531882529117,0.03156484711734451,0.13865324320219813,0.48765314738674115,0.18020402648693037,0.09535552843404471,0.0006638885474499729
ISIC_0030240,bkl,akiec,0.6080075515206683,0.01864923513065099,0.354550179897041,0.0019226778844840832,0.016486987508663217,0.00019368327516377582,0.00018968478332847158
ISIC_0031519,bkl,df,0.14164186570267895,0.0364780890057747,0.08664191982828733,0.27130283323843857,0.20495891559543147,0.2578655203997158,0.0011108562296732656
ISIC_0025113,bkl,akiec,0.5278047755703117,0.03072055557080117,0.11344366340483632,0.104870935128558,0.15681121452927796,0.06627890201371878,6.995378249604395e-05
ISIC_0028121,bkl,bkl,0.040247121580983564,0.013400644772860206,0.8163474330012263,0.0018109890637441075,0.10986811756497404,0.018325544269162188,1.497470496850578e-07
ISIC_0025434,bkl,bkl,0.03935052677552483,0.0015744267821658703,0.9309393835320221,0.0055332646034430034,0.014939696810673546,0.007661634286698108,1.0672094726643544e-06
ISIC_0028165,bkl,bkl,0.11587960363290437,0.004350720599771225,0.8335718037158488,0.006356557440030635,0.030451382715314047,0.009389596450255827,3.354458751582302e-07
ISIC_0024786,bkl,bkl,0.17852428053801286,0.031284622192149364,0.6333389557609843,0.02840068043478812,0.05483686957805631,0.07349034363654194,0.00012424785946721386
ISIC_0031037,bkl,bkl,0.10529918603329828,0.017155797962751893,0.4120632260025405,0.04784310123628741,0.18699805934522332,0.2306381418414277,2.4875784709969423e-06
ISIC_0030383,bkl,bkl,0.03305667527147249,0.08808349962363711,0.6925856373171212,0.005016575805664013,0.1343274301924545,0.046871321368439856,5.886042121074178e-05
ISIC_0025465,bkl,bkl,0.0267971420806173,0.1752696336449874,0.5933128708339629,0.008229948144401056,0.18865004640950842,0.007733936241483071,6.4226450397822906e-06
ISIC_0026277,bkl,bcc,0.1085029252445347,0.3865312559093334,0.374604890891224,0.027572092389015746,0.05580855908311378,0.03937147709836686,0.007608799384411459
ISIC_0028294,bkl,bkl,0.0037284027849308916,0.02889959695588012,0.898175516848431,0.014144025014591773,0.02447040634358459,0.030559834259769474,2.221779281221578e-05
ISIC_0028662,bkl,bkl,0.16091432971274314,0.057428178832541595,0.5361150125615078,0.005726337712086104,0.22506498669551508,0.014748519698056581,2.6347875496336503e-06
ISIC_0031349,bkl,bkl,0.01285556870988896,0.04066521835925586,0.7646929818254764,0.028453725436385028,0.09113359699120094,0.06217827007897289,2.0638598819949486e-05
ISIC_0026263,bkl,bkl,0.3256840151458094,0.04420769772484026,0.44076697211430377,0.008762301334984452,0.16112596068782276,0.0194469374565374,6.115535701975089e-06
ISIC_0026280,bkl,bkl,0.05950527109164615,0.03190126829053626,0.6754784705522441,0.009339958935666007,0.1269528030628882,0.09681915100107852,3.0770659408055036e-06
ISIC_0027811,bkl,bkl,0.06194559272034494,0.029659721107888264,0.6410977844817268,0.03638037492566072,0.21460572528791408,0.01629615838507394,1.4643091391234932e-05
ISIC_0024705,bkl,bkl,0.03493725895629486,0.010129961296432689,0.7952733303365084,0.026000680022985813,0.06723058857498637,0.06640201712898555,2.616368380618254e-05
ISIC_0026803,bkl,bkl,0.016438522972213022,0.0018848846804937287,0.8488606243956984,0.10807096529366494,0.01755079070180964,0.0069902770758591614,0.00020393488026111605
ISIC_0027737,bkl,bkl,0.01350567963408508,0.0038895889214163367,0.8754250868897739,0.04046185761396576,0.04321947771512878,0.023464967365164378,3.334186046586632e-05
ISIC_0024774,bkl,bkl,0.041152982204986956,0.0017717884428537104,0.7751933574234796,0.01104254616111876,0.02850459057804534,0.14201613506659055,0.00031860012292480726
ISIC_0026016,bkl,bkl,0.02960279234208944,0.1056140164791739,0.7116450748665192,0.018903924570209046,0.1168340598482539,0.017372656495270575,2.747539848399243e-05
ISIC_0029505,bkl,bkl,0.08637932039371839,0.06539441004423993,0.6598774126399021,0.08019682009380813,0.09452049256068766,0.013534871700014564,9.66725676292801e-05
ISIC_0031677,bkl,bkl,0.1472045052297432,0.009096377429214843,0.4056064088715643,0.017166646618608165,0.38538392164340657,0.035520800120221976,2.1340087240875984e-05
ISIC_0027162,bkl,bkl,0.21851270285549357,0.0039968828050289265,0.7207298905568857,0.0052636609552245625,0.03933949382238341,0.012054142441845267,0.000103226563138703
ISIC_0031277,bkl,bkl,0.08250030235919051,0.1082861575554084,0.6614991396877233,0.015681778919532825,0.10539773074144601,0.026427285774172946,0.00020760496252591456
ISIC_0031853,bkl,bkl,0.05961365670309767,0.050339130271566876,0.8072578396200456,0.009820717405429846,0.059549110989095086,0.013402874149665314,1.6670861099707016e-05
ISIC_0025753,bkl,bkl,0.1528011559586313,0.01801317593286717,0.7316980783632538,0.049670534187094086,0.023306472888121408,0.024498372868177094,1.220980185512805e-05
ISIC_0031600,bkl,bkl,0.08013601489627555,0.02582264643531473,0.78668432691531,0.016319243003659542,0.03754836580213049,0.05322393319107534,0.0002654697562341791
ISIC_0028490,bkl,akiec,0.73445356083107,0.00048269245237119563,0.07838594148438634,0.0031377683792574913,0.14795494159600367,0.03554128246153058,4.3812795380620883e-05
ISIC_0025103,bkl,bkl,0.042250319869953576,0.005818825018904553,0.6996401435110199,0.010706859812574042,0.22521472217748784,0.01636633275608026,2.7968539797055957e-06
ISIC_0025710,bkl,bkl,0.1748741190149028,0.013622374401192162,0.6597906766692787,0.011520594378034656,0.0976650390887175,0.04252522419953794,1.9722483359993075e-06
ISIC_0024782,bkl,mel,0.006274263984221513,0.003598293485475876,0.22656550856137403,0.019255170057849994,0.5812872374164649,0.16301562421023874,3.9022843749561835e-06
ISIC_0029872,bkl,df,0.05786381629571497,0.01399425101417503,0.1961862238372004,0.39241670047770855,0.22432545755458438,0.11517738744528465,3.616337533207427e-05
ISIC_0029135,bkl,bkl,0.05772671303658708,0.0072190165306495946,0.7662657252181383,0.0018609325049713486,0.11171299222996865,0.054417465262692095,0.0007971552169930826
ISIC_0029947,bkl,bkl,0.011733662102964816,0.009446686694285273,0.9330468451677263,0.005683834418949566,0.03564590937297968,0.004427117501995022,1.5944741099127736e-05
ISIC_0029320,bkl,nv,0.01982898501167645,0.000779437384634838,0.19620497143570764,0.06578894919787008,0.24405012641476115,0.47289652423969813,0.00045100631565158245
ISIC_0029427,bkl,nv,0.10620632364536013,0.0007871767794350082,0.2433625233087672,0.04076489980017245,0.1541649228569936,0.4546405279127428,7.362569652867735e-05
ISIC_0029464,bkl,bkl,0.16905532928467526,0.24400375739561825,0.4420805674187952,0.043614340784272454,0.059746840763761896,0.04129060654926581,0.00020855780361113735
ISIC_0024915,bkl,bcc,0.09363449121677365,0.3932992528552846,0.3048138260973506,0.09814750364103479,0.09830623798832283,0.011792540862204543,6.147339028952374e-06
ISIC_0027820,bkl,bkl,0.10849967824330313,0.0007030636623002325,0.6211543660445937,3.070640306154905e-05,0.2594657460344986,0.010146439376287272,2.359554698761476e-10
ISIC_0026717,bkl,bkl,0.29632282538542853,0.008771867937772787,0.41042216488448646,0.023623274632083847,0.25276195234045523,0.008097747946964733,1.6687280843006222e-07
ISIC_0027559,bkl,bkl,0.10322500569527103,0.005072623702376215,0.7572746510285244,0.039682349293158406,0.045324764045544946,0.04936843418067951,5.217205444551348e-05
ISIC_0024408,bkl,bkl,0.027733054572111435,0.0027128299277844577,0.7450227677658587,0.15139243766875668,0.051669588328236156,0.021449151458853052,2.0170278399377602e-05
ISIC_0028347,bkl,bkl,0.03656316351531171,0.01923005478725865,0.7987886667824237,0.0011181117754575534,0.1279695690927637,0.016164455305302295,0.00016597874148253366
ISIC_0033460,bkl,bkl,0.10344782068462346,0.010185169277916494,0.802244808810341,0.0037326092781588193,0.07430280292494393,0.00607444753285218,1.2341491164221387e-05
ISIC_0033722,bkl,bkl,0.07626274457799216,0.011356479538537521,0.8512729383341058,0.013251452771136887,0.04064759019671316,0.007193893957299461,1.4900624215165655e-05
ISIC_0030630,bkl,mel,0.006594938015516859,0.0027048740905935118,0.13949419639974572,0.0003752348727036678,0.4395547386696419,0.4086056435424047,0.002670374409393613
ISIC_0033701,bkl,nv,0.15198284492882116,0.01637883714807038,0.23214866699406334,0.0037129493292535893,0.24468650078858922,0.35102495279933765,6.524801186470525e-05
ISIC_0033884,bkl,bkl,0.16806635086590813,0.016390887380813277,0.37125218057526327,0.003734317855396697,0.192890672104471,0.24761857817143576,4.701304671188379e-05
ISIC_0027747,bkl,bkl,0.2788853891281147,0.016841849273038032,0.523156222205098,0.01982760858057586,0.09058599306908872,0.07066958222438136,3.335551970316691e-05
ISIC_0031133,bkl,bkl,0.017334828426122505,0.05986486515923221,0.7246694257368306,0.023501266521547354,0.052499338689451024,0.11964962117124318,0.0024806542955729434
ISIC_0027875,bkl,nv,0.0010534262321508293,0.0007681661154355157,0.12432635516524246,0.0014272216735358677,0.36395035806918574,0.5084647716735591,9.70107089047928e-06
ISIC_0028497,bkl,akiec,0.4706546964986867,0.12364126269956446,0.055089963134514086,0.009940156737208165,0.0037628899252203207,0.05524497903631488,0.2816660519684915
ISIC_0026441,bkl,df,0.2597695820703552,0.042145298090047585,0.2180509620994087,0.37338278918635154,0.02134885666127398,0.08462154181501032,0.0006809700775526578
ISIC_0028448,bkl,bkl,0.14436672201944462,0.07170913609407864,0.3432944930550678,0.0428322138774208,0.21629194268634994,0.18105887203286672,0.00044662023477160857
ISIC_0028826,bkl,bkl,0.00012605269225289496,0.0009380463422819235,0.8433470485706364,3.4417729442974955e-05,0.00913995388962716,0.14638785611542357,2.6624660335089876e-05
ISIC_0032460,bkl,bkl,0.02031856142133217,0.17093349766339969,0.6311616927380702,0.03643646552720792,0.0565544750783615,0.0793623700271675,0.00523293754446104
ISIC_0030067,bkl,nv,0.06455336807344579,0.005473988183335076,0.12661254676617023,0.35877996410059165,0.03887658507571967,0.4054786542112076,0.0002248935895299037
ISIC_0031436,bkl,bkl,0.22174697316041295,0.0039042044146223747,0.3684900004946756,0.08503900812802467,0.03497963139464314,0.2857687963000405,7.138610758071448e-05
ISIC_0027954,bkl,nv,0.02293833252832938,0.02720442455511338,0.12850564447793464,0.06969922310586069,0.08910723517825493,0.662324426302994,0.00022071385151295635
ISIC_0025131,bkl,bkl,0.009680662089971476,0.15511614352691896,0.7046977064872806,0.01707986572406561,0.1058165486662005,0.007535816083024449,7.325742253844979e-05
ISIC_0031125,bkl,bkl,0.0016463410164443007,0.0008617127260487867,0.5570173840759486,0.0033759185828179626,0.18524140296506023,0.2518084566130383,4.8784020641797495e-05
ISIC_0029227,bkl,nv,0.003995224811777601,0.0015092686120127619,0.12146584576900167,0.21326032376893286,0.022034819995299913,0.6375888645590756,0.00014565248389967017
ISIC_0026416,bkl,nv,0.017865494706969187,0.04733311596199742,0.265550451788314,0.06929330787350502,0.08922840563428239,0.5075258514843995,0.0032033725505324555
ISIC_0031362,bkl,bkl,0.01616772208764535,0.004750278275106906,0.6544795469822047,0.02797929405937868,0.12964321671312035,0.16685910127458486,0.00012084060795928361
ISIC_0031761,bkl,nv,0.0009096711357819065,0.002972447611230133,0.13141053736356087,0.0702667551330865,0.04456488370224189,0.7498698573500285,5.847704070090794e-06
ISIC_0026042,bkl,bkl,0.0005034428411520895,3.3754695620958e-05,0.9946015242819329,5.917270500606296e-05,0.004746764905621084,1.3608496608612427e-05,4.173207405838169e-05
ISIC_0029248,df,df,0.33593682890282267,0.015571714747384486,0.06499504800837083,0.5475565474892377,0.005282889140242973,0.030654746824571706,2.2248873696844466e-06
ISIC_0030442,df,akiec,0.2907380697509563,0.21410353627259054,0.1926426863966182,0.12896669324258475,0.023715834433518324,0.14972637241836592,0.00010680748536598941
ISIC_0027727,df,df,0.1540119389014622,0.03708607781106,0.0014588761154138781,0.7913732263238488,0.002055158434793613,0.013006584810065485,0.0010081376033559634
ISIC_0027107,df,akiec,0.5936993919851958,0.02806798330105749,0.04767066376653075,0.23832727745855456,0.06591180600981297,0.026233833675140664,8.904380370777603e-05
ISIC_0027648,df,df,0.34996265718332714,0.03699716133821662,0.06412257500781844,0.48732477482520037,0.01076860133623614,0.0502284293665556,0.0005958009426454332
ISIC_0029967,df,df,0.20979942074921806,0.015330910662015439,0.04084135854909994,0.5636522908341586,0.1286558516386195,0.041606887425800605,0.00011328014108788523
ISIC_0027876,df,akiec,0.6729403405302037,0.07192731845407024,0.05609473723279563,0.06753874337306107,0.09293938467097837,0.038439436036157744,0.00012003970273308328
ISIC_0030011,df,df,0.07648010132223743,0.21189176143864596,0.0677601116351076,0.5934718785996207,0.01984350082657035,0.03045858916404239,9.405701377558316e-05
ISIC_0030427,df,df,0.17779192795121262,0.028421945374423135,0.029226555533884507,0.7301625932928316,0.01746209150072162,0.01675894016325264,0.00017594618367374547
ISIC_0027626,df,df,0.1427614111789737,0.025296887953389174,0.03847226080410751,0.7436293644535413,0.020077522707479433,0.02961996874712426,0.00014258415538461952
ISIC_0030757,df,df,0.3386886792059733,0.08161149346123593,0.0021108584092881595,0.5662680485090957,0.007216184040951353,0.0020674863190888485,0.0020372500543665846
ISIC_0031358,df,df,0.23257651509766597,0.14849440866023,0.0004887369338409153,0.6114270128835839,0.006830718827253426,0.00016023649555809176,2.2371101867699964e-05
ISIC_0031735,df,akiec,0.44903085891438255,0.39341305541396243,0.01678048664318862,0.13638325434229928,0.0030571547984967013,0.0006010393329639325,0.0007341505547065778
ISIC_0029962,df,df,0.18839313707063948,0.03242801009698726,0.08314147122599899,0.4800162424491588,0.14925905887559984,0.06670467158921912,5.740869239646047e-05
ISIC_0031457,df,bkl,0.07711715266585122,0.014188946615341943,0.43389004822444177,0.16308404747293873,0.14404658462558945,0.1674267488615106,0.0002464715343263258
ISIC_0030015,df,df,0.011021381681778512,0.015591751820063584,0.0082940711003211,0.9627870325992498,0.0019179407389411356,0.00022408694042085582,0.00016373511922504816
ISIC_0031123,df,df,0.06238056682267661,0.22622183578891172,0.08512235303733547,0.3827874424727073,0.01643409034446045,0.21781882133015956,0.009234890203748925
ISIC_0024845,df,df,0.014218156975831186,0.003201173639380037,0.021671283238085617,0.8217990810336735,0.009102867571758839,0.12966414151436023,0.00034329602691054913
ISIC_0032613,df,akiec,0.7070134529021729,0.026050820769333714,0.13330234772727792,0.04485128096044435,0.07126648769611724,0.017200148115837713,0.0003154618288163238
ISIC_0033256,df,mel,0.25222615269199217,0.021209273509727653,0.08821677658886547,0.21237218858587795,0.4043777999504579,0.01660823278705346,0.0049895758860254375
ISIC_0033695,df,nv,0.031389479401374654,0.002128688188214466,0.038311314400599074,0.44533291397315417,0.03675443567470581,0.4456121616466691,0.0004710067152827638
ISIC_0033005,df,df,0.006360751664570705,0.0006532093373464704,0.0016306603218756923,0.9331557257410543,0.0018169510601020703,0.013709810174860473,0.04267289170019034
ISIC_0033422,df,df,0.0627349208539982,0.013273967578538158,0.017743846699590525,0.8865564481475103,0.0062545416045653186,0.01212312661173683,0.0013131485040606067
ISIC_0027488,df,df,0.015553296701113975,0.0023374507581143786,0.0003780117533337951,0.9790230631497172,0.00038187238957372154,0.0021743364726568844,0.0001519687754899934
ISIC_0027141,df,df,0.0279960397426039,0.061512509882458585,0.0007109568225672123,0.8677292655220418,0.00032187639732452047,0.013324413938763768,0.028404937694240257
