image_id,true_label,predicted_label,prob_akiec,prob_bcc,prob_bkl,prob_df,prob_mel,prob_nv,prob_vasc
ISIC_0027419,bkl,bkl,0.10882274716717935,0.0370489431169855,0.5158631512234284,0.042434308346453405,0.2709200807488136,0.024895251359008178,1.5518038131569543e-05
ISIC_0025030,bkl,bkl,0.17806887726828377,0.027428180248895002,0.5267053597828951,0.02938328912313255,0.22610967223349146,0.012293226257415378,1.1395085886729385e-05
ISIC_0025837,bkl,df,0.16229613959251282,0.1463234116656384,0.08988172238138814,0.37415485332898746,0.16137179131249,0.039292875613176154,0.026679206105806923
ISIC_0025209,bkl,akiec,0.30158816913144465,0.12946945456223224,0.177269708985423,0.14947277607166903,0.24124813057213504,0.0007867625587175686,0.0001649981183784667
ISIC_0025767,bkl,bkl,0.02250003308618988,0.003168427770673402,0.6272208226317129,0.050387510111497454,0.08073864426205175,0.21585358604337967,0.00013097609449489795
ISIC_0032417,bkl,bkl,0.021031906411406308,0.0228272782880159,0.702423102771475,0.07261915420671282,0.11870012157268343,0.06235238728950215,4.604946020443444e-05
ISIC_0031326,bkl,bkl,0.22121731596639738,0.06705414371837,0.3409994631901759,0.05851660701536017,0.20557103440096786,0.10661057158105457,3.086412767425013e-05
ISIC_0025915,bkl,mel,0.030935845864480532,0.1902496221340967,0.2725756613725926,0.003098850737126553,0.40565307878939544,0.0973450926907731,0.0001418484115351712
ISIC_0031029,bkl,mel,0.017685154187149648,0.08233993336446024,0.21519661462792442,0.030654430652968842,0.44111414264973736,0.2128193446396045,0.0001903798781550802
ISIC_0032343,bkl,bkl,0.02329109231673693,0.001359913165393364,0.7754403865246997,0.0011203296196912126,0.1959835011416598,0.0028025564301934506,2.2208016254907936e-06
ISIC_0025819,bkl,bkl,0.22277776584302422,0.024906340901274755,0.6194728810006536,0.03882115660089563,0.06732506858274585,0.026690977806270316,5.809265135405603e-06
ISIC_0032013,bkl,bkl,0.27078253333328606,0.016772696210047636,0.5472226886884513,0.054909148575120234,0.07272107931463759,0.03758741165461039,4.442223846876538e-06
ISIC_0029301,bkl,mel,0.004930201731869809,0.09125713298379196,0.051703038312946474,0.034658966234602115,0.6450085187608056,0.13844701789845065,0.03399512407753339
ISIC_0026637,bkl,mel,0.0007149816036013061,0.015011029163015034,0.12825456061566778,0.12459953261812612,0.4231083155126663,0.28386153594279734,0.024450044544126023
ISIC_0031967,bkl,df,0.027923953784264672,0.12064659449946352,0.21150019186941604,0.5870647641672478,0.009673026530291748,0.03955859190703775,0.003632877242278351
ISIC_0031584,bkl,bcc,0.06971467004240813,0.7237556410090937,0.04304240640246267,0.08864190010456933,0.011988476252574504,0.02008982818384497,0.04276707800504664
ISIC_0029289,bkl,nv,0.009578258640318695,0.03008878865385285,0.08847546587171592,0.17437397144653194,0.09705091934076333,0.5981693312582047,0.0022632647886125447
ISIC_0029912,bkl,nv,0.0012470147537285176,0.007300051021924638,0.29118907381738107,0.028693225141814917,0.11302144383468424,0.558099928608746,0.00044926282172064007
ISIC_0033539,bkl,bkl,0.005572472173463597,0.0082980181837825,0.5078901136090849,0.019483260024681846,0.14423939240548186,0.3133922164296273,0.001124527173878004
ISIC_0029308,bkl,bkl,0.04444616929999273,0.0039472038214856744,0.8284020052894098,0.009214135770338534,0.07783977574120601,0.03614430729375507,6.40278381224278e-06
ISIC_0027957,bkl,mel,0.057201855107132465,0.27909674545719804,0.051214659724727545,0.14712799489899625,0.3831823798877889,0.07035279170502923,0.011823573219127562
ISIC_0031212,bkl,bcc,0.02555875534195634,0.7265942805149913,0.049581747567718,0.04038532799690327,0.1392501454351237,0.017599295562811538,0.0010304475804958889
ISIC_0026794,bkl,bcc,0.19789331747254074,0.3155293740672604,0.1673849562044423,0.24620021092655028,0.05221472678448788,0.020577039751027197,0.00020037479369124293
ISIC_0032949,bkl,mel,0.03392194315608686,0.00750723815546369,0.28755169766846694,0.008734596014071427,0.4057950766354429,0.2563868911646412,0.00010255720582692323
ISIC_0033322,bkl,mel,0.06938662758399322,0.007135099050059019,0.24567070702177599,0.00662439325463894,0.5648550111431736,0.106226519935532,0.00010164201082731119
ISIC_0033127,bkl,mel,0.05188171506916003,0.0047883448771386256,0.3617772408083185,0.008271595905087284,0.48287005685503526,0.0901890614558847,0.0002219850293754025
ISIC_0033041,bkl,bcc,0.18048387781238004,0.41576111026955825,0.1515544120523413,0.13309929506715878,0.08524331115251638,0.033199197026878756,0.0006587966191663628
ISIC_0033900,bkl,mel,0.11548245661816123,0.13719234041060818,0.08863408597129967,0.19623562454009402,0.25617459297454054,0.20579429139759575,0.00048660808770061893
ISIC_0033361,bkl,mel,0.19406753226974374,0.16618822547991868,0.06099151104637674,0.08782200355060538,0.32685706969757844,0.16147950861396995,0.0025941493418069747
ISIC_0029683,bkl,mel,0.0029415759427330245,0.000690547406069264,0.309521896356608,0.000258638799353134,0.6639226817233688,0.022657359366398514,7.300405469395239e-06
ISIC_0033716,bkl,mel,0.019887581512310824,0.12199459377464131,0.2697378499870191,0.046581414129856884,0.3416943428601604,0.19945136144670672,0.000652856289304608
ISIC_0034011,bkl,mel,0.14789065883150368,0.03165820558650505,0.1357342627039674,0.05922044676654119,0.5469512985920569,0.07853060202008592,1.4525499339773071e-05
ISIC_0033613,bkl,mel,0.026552177303303028,0.0032664695696047277,0.1516410786088656,0.012560258478546645,0.6701764391231803,0.13579428741164112,9.289504858530815e-06
ISIC_0032688,bkl,bkl,0.03206222342118206,0.03055379446626692,0.7672738120610915,0.08479614597693284,0.061528139573966946,0.021272625024528594,0.0025132594760309823
ISIC_0033252,bkl,bkl,0.055445648328671805,0.01982536972668682,0.37258828886056117,0.06462095185671977,0.27168985848444316,0.21153818248809703,0.0042917002548204485
ISIC_0032570,bkl,bkl,0.04999049944989118,0.04782438194684806,0.7207425723939687,0.04071377871597207,0.11329554707677647,0.022364947388886273,0.005068273027657453
ISIC_0033736,bkl,mel,0.17227212623653831,0.18245930402541702,0.2237732200447814,0.10316645850089842,0.23116975625316097,0.08671018301806076,0.0004489519211430491
ISIC_0033378,bkl,bcc,0.09168020216451078,0.3524239910665215,0.05294882302728712,0.13351077635895572,0.19398641564671942,0.16717925972482792,0.008270532011177646
ISIC_0032665,bkl,mel,0.012112245558151463,0.005117448011585142,0.22976229117198652,0.006130269551468147,0.697436044407503,0.04943881343981279,2.8878594928770763e-06
ISIC_0033130,bkl,mel,0.07566712196612409,0.07550076204484349,0.28359972321300186,0.00882024611220582,0.544613544844802,0.011718157129044171,8.044468997861224e-05
ISIC_0033853,bkl,bkl,0.07094184370247064,0.010528125328513459,0.3874318731213109,0.016100107331975193,0.2260661339228517,0.286156033526477,0.0027758830664010507
ISIC_0033453,bkl,mel,0.19058755432064386,0.022872905280120228,0.15951262623350282,0.020172027876561527,0.4429760688045641,0.1631914111391433,0.0006874063454641919
ISIC_0034126,bkl,bkl,0.0781799145565709,0.027546694476002182,0.5529200875396454,0.01630169169591917,0.2457273791364903,0.07822695761880441,0.0010972749765675968
ISIC_0034303,bkl,bkl,0.19739643582392702,0.09804142597388907,0.5701150736256022,0.014476999691003235,0.11387195963044369,0.006021195028712762,7.691022642192017e-05
ISIC_0034031,bkl,bkl,0.2962923978685443,0.028585178788947646,0.6684601763124645,0.0044702107581303125,0.0020799533917771475,0.00011062527547875418,1.457604657436989e-06
ISIC_0033124,bkl,bkl,0.24430558367987643,0.18465931780891412,0.4184141137864171,0.03134325069704832,0.10449629446474441,0.01670385277946976,7.758678352992804e-05
ISIC_0032898,bkl,bcc,0.10904636995249281,0.4724733381227826,0.28739102037001546,0.03579963147508431,0.0813148170963373,0.009530743003880541,0.004444079979407059
ISIC_0033488,bkl,bcc,0.06251858758922224,0.33153128410903726,0.196907318692775,0.11625134327976039,0.09928711453845214,0.006587905685754097,0.18691644610499883
ISIC_0033758,bkl,bcc,0.014055193955556516,0.763590171712976,0.12668665719722905,0.04696314782738442,0.0261728661844745,0.007957658431199428,0.01457430469117985
ISIC_0033507,bkl,mel,0.03927969947801861,0.014821654745015199,0.07976894717419913,0.02601317277563196,0.5338130544580254,0.3038210738507,0.0024823975184095474
ISIC_0033791,bkl,mel,0.01783524192673313,0.0060852499968112326,0.08430227790364572,0.007914419779854848,0.7534841816670849,0.12953836550978198,0.0008402632160883089
ISIC_0034003,bkl,mel,0.2142168185380773,0.17853197070285476,0.06478412855791373,0.086428968973139,0.4328534837028807,0.02314339282464082,4.1236700493863594e-05
ISIC_0033079,bkl,akiec,0.4669984961698158,0.1730791833717524,0.07530267175043849,0.1269418084376969,0.1567229001997225,0.0009464646351096496,8.475435464183653e-06
ISIC_0032215,bkl,bkl,0.07892369432660974,0.2219790210587796,0.5672081943109774,0.047215984115723614,0.03396454334384639,0.026517477970829328,0.02419108487323398
ISIC_0030124,bkl,mel,0.0085386614680761,0.005983310834732324,0.04925516745532397,0.004324844333422018,0.6980415244337201,0.22654079943464495,0.007315692040080543
ISIC_0025157,bkl,bkl,0.10724437176744193,0.019702862891136475,0.3182648514862756,0.11378177900598062,0.14662044222317122,0.29405381585423035,0.00033187677176395525
ISIC_0027218,bkl,bkl,0.07742135876877677,0.02237491502540208,0.5872107414482577,0.00693384324075418,0.28503051355192666,0.020964325703395376,6.430226148723885e-05
ISIC_0030705,bkl,bkl,0.019998092356069065,0.028647258299597467,0.53594938923982,0.0649571228020147,0.25176166163992325,0.09865635110060299,3.012456197243282e-05
ISIC_0030272,bkl,bkl,0.01548182198275256,0.013931833847311864,0.6033763532083586,0.09179182283622664,0.05304377046761038,0.2221053659776169,0.00026903168012322123
ISIC_0028020,bkl,df,0.01701546937752797,0.03437336733908642,0.16834335078449006,0.7042329420705138,0.0003354430754642313,0.05917660389854201,0.016522823454375602
ISIC_0032325,bkl,bkl,0.11908761030362128,0.03605342046840538,0.47937049776985663,0.08804380492807289,0.12156366724631026,0.1548550921608631,0.0010259071228706344
ISIC_0028701,bkl,bcc,0.061172379474040875,0.545231708977363,0.08402709957714555,0.013813236381391533,0.03138096342126994,0.01059558758076351,0.25377902458802587
ISIC_0024672,bkl,mel,0.12419156137408693,0.0357040477322162,0.21782521373133606,0.03629763887581408,0.4284379796326585,0.15703784382355887,0.0005057148303293903
ISIC_0027680,bkl,mel,0.017705524439453998,0.26196080361124896,0.09803138467244324,0.004767352774739107,0.5631258735547984,0.002458113684729527,0.051950947262586936
ISIC_0025656,bkl,bcc,0.22961119785137893,0.4208544197088655,0.2781637830263463,0.005481537393858178,0.06454349259759223,0.001251205789929836,9.436363202916208e-05
ISIC_0029010,bkl,akiec,0.41514138808378703,0.06658419242715931,0.2957214126513043,0.01558271576551422,0.18729141268723987,0.019425061760996114,0.00025381662399929264
ISIC_0029003,bkl,bcc,0.17718554882257298,0.5138682832889646,0.19536264061137004,0.04739706221102558,0.06371937915463889,0.0023819826141483385,8.510329727953596e-05
ISIC_0024711,bkl,bcc,0.22901401785476047,0.29240484900716396,0.24290936436646413,0.010989899086723714,0.2167829827705786,0.00785142010439399,4.746680991514429e-05
ISIC_0032335,bkl,vasc,0.035724902816439565,0.24321648101207152,0.038941704074689894,0.030584894825616542,0.24085590993686892,0.0031240833387546204,0.4075520239955591
ISIC_0025326,bkl,akiec,0.39854379371285553,0.34069899425335154,0.004707568598408256,0.1939290793598813,0.0038964926645465403,0.0036651996383621137,0.05455887177259489
ISIC_0025507,bkl,bkl,0.17619052364014776,0.005740597371294638,0.4665391777524338,0.008789243445010272,0.15704343117136235,0.18555617945180095,0.00014084716795013605
ISIC_0024592,bkl,bcc,0.040638750251237934,0.5151250741860465,0.4407708062431906,0.00021391412764562,0.0025297952569206333,1.2849270124693178e-06,0.0007203750079460536
ISIC_0030721,bkl,bcc,0.024049383392841663,0.38708031333674997,0.027310995351125328,0.009648609011395432,0.1354692162308391,0.1197161062658898,0.2967253764111587
ISIC_0031130,bkl,mel,0.011777918864360413,0.0011398664982137422,0.10958558569375176,0.00044513751999656904,0.7763808972547487,0.10066222865447429,8.3655144545601e-06
ISIC_0028308,bkl,bkl,0.15972884769755744,0.22673420201100503,0.35889767208694173,0.010847658952253923,0.11944010079144127,0.12162405666701162,0.002727461793788927
ISIC_0024505,bkl,mel,0.21682555985332302,0.07304202425268885,0.2045702902779605,0.01278154892187502,0.4584971697568754,0.034281869588039894,1.537349237401961e-06
ISIC_0029340,bkl,mel,0.12670337234161422,0.19039197359314902,0.07631282419554172,0.11253963692562198,0.33046553901960296,0.16309453860345605,0.0004921153210139594
ISIC_0026607,bkl,bkl,0.06786099013492569,0.1832661252849929,0.3173737319674152,0.007310443128771337,0.2863681777289775,0.13142152271130594,0.006399009043611492
ISIC_0025842,bkl,akiec,0.6338699063001533,0.1256279230860846,0.0554614477240965,0.1564927364961033,0.020442847329512338,0.008030734417870602,7.440464617942888e-05
ISIC_0030706,bkl,nv,0.15346616294942825,0.01720918089471358,0.1000747606742448,0.04610410308447306,0.24219546075060372,0.4402940080889306,0.0006563235576059819
ISIC_0031424,bkl,mel,0.237670834443311,0.0562838767375828,0.13176324249500512,0.05670208222845566,0.45870978566545256,0.058704218694531365,0.00016595973566141414
ISIC_0029770,bkl,bkl,0.13369287929892573,0.03872942981193361,0.3276617298402799,0.10188607400963136,0.25500230312565236,0.14284027487562598,0.00018730903795113464
ISIC_0027026,bkl,df,0.19351964392809312,0.04867517833250277,0.008797484236288575,0.6425370506224429,0.021466333707428037,0.0826793519107343,0.0023249572625103085
ISIC_0027584,bkl,akiec,0.6563813751348601,0.26453452079930906,0.04808596510965959,0.018468611782790748,0.012180327275147187,0.0002469942934863749,0.00010220560474720949
ISIC_0026775,bkl,akiec,0.6683225943572564,0.19882081667985604,0.06408237591972647,0.04512830020798212,0.008418135237669891,0.012106278379640144,0.00312149921786896
ISIC_0032348,bkl,mel,0.2789939931762262,0.11122997583909475,0.14269751675799358,0.03307319036331888,0.3644223896082426,0.06728487059506408,0.0022980636600599793
ISIC_0024883,bkl,nv,0.020634826738513593,0.05144324859944124,0.10676301835685247,0.04346296634752727,0.2899862999447813,0.4862056862312349,0.0015039537816490627
ISIC_0027295,bkl,bkl,0.1444727042197882,0.03279278197134349,0.6098053620924855,0.11143406550185393,0.05853218022095769,0.04187952292269715,0.001083383070873959
ISIC_0024358,bkl,mel,0.18398566821682333,0.10690797927435057,0.23390169701906377,0.006272949485271468,0.35488101741906336,0.11354118984997234,0.0005094987354551895
ISIC_0027771,bkl,bkl,0.1203804522229109,0.03866507077101073,0.3062063171023283,0.032000154009199214,0.26873251956446065,0.2339390431058437,7.644322424648893e-05
ISIC_0028846,bkl,mel,0.19296298173800042,0.23050715822211137,0.16192416237419993,0.006944430425264971,0.2735028978586878,0.1148908317766916,0.01926753760504398
ISIC_0026159,bkl,bkl,0.18885928048061768,0.025712118626926395,0.48710538730406194,0.09072851878656592,0.08948320883913431,0.11783660832536326,0.0002748776373304645
ISIC_0030783,bkl,nv,0.0114130160731129,0.0035738768209657703,0.03141410636031406,0.0015300430836441708,0.42202436039085334,0.530008720968903,3.587630220693451e-05
ISIC_0027606,bkl,mel,0.011445995456080842,0.0012742701026469752,0.21452040327648936,0.0005701110162608992,0.7378246902070587,0.03427582520153534,8.870473992791714e-05
ISIC_0025703,bkl,mel,0.19004354369892407,0.054107571309021,0.21654554537511353,0.008222494467388236,0.47548119337404515,0.055577369085277536,2.2282690230518663e-05
ISIC_0032051,bkl,df,0.09442364932971142,0.03576536778580503,0.12946884103908796,0.2740924700166192,0.19178162458176554,0.27315606610909554,0.001311981137915238
ISIC_0027996,bkl,bkl,0.06841264811236565,0.07996143416522711,0.8026406858836149,0.0035675074924471084,0.036634318470117805,0.008545803887929793,0.00023760198829752603
ISIC_0026644,bkl,mel,0.02186144418594144,0.05239790097586501,0.3915952516243317,0.0022410294350362764,0.48618072580189603,0.045641469459102045,8.217851782728452e-05
ISIC_0031686,bkl,akiec,0.32961339621778635,0.3262801089409712,0.12919091320051793,0.16405690411199883,0.007870533350906313,0.040691769253951876,0.0022963749238676156
ISIC_0030208,bkl,bkl,0.07007769097591016,0.14147912520305897,0.7157552101628251,0.002911948030226502,0.05438193478337386,0.015177592878084217,0.0002164979665211401
ISIC_0031770,bkl,df,0.03809628354241839,0.24434231547266097,0.1596879217348972,0.26421163974947875,0.054593617872369306,0.11802514523668126,0.12104307639149402
ISIC_0026286,bkl,bcc,0.053605509416495986,0.7677487265889245,0.014512865555279286,0.0029334670375083536,0.15781528461360536,0.003193270424380038,0.0001908763638064447
ISIC_0024880,bkl,bkl,0.051479749288577965,0.16128541610463143,0.5099882291051924,0.006666775968638916,0.2335675135646487,0.03695619215434977,5.612381396082916e-05
ISIC_0027706,bkl,bkl,0.10863243096649595,0.07771033061247457,0.6028815541349125,0.004758259381836884,0.11952212714696617,0.08638682348863133,0.00010847426868259626
ISIC_0025376,bkl,akiec,0.4812509206604827,0.14405964036628482,0.13427859972097872,0.03625058861174764,0.14242500047274273,0.06148651805655945,0.0002487321112039501
ISIC_0027806,bkl,bkl,0.1525756278306811,0.1309191483847249,0.2869688292112494,0.08357914695833808,0.2596583844266772,0.0857557927625895,0.0005430704257397467
ISIC_0024547,bkl,bkl,0.15679806434639576,0.03489027951221106,0.367212494115336,0.054837308717407426,0.2836144525743904,0.102094697229999,0.0005527035042603938
ISIC_0025351,bkl,bkl,0.20692813098627072,0.013143062502632571,0.3969716617307294,0.003913194554709414,0.31881462311899045,0.05961721705214081,0.0006121100545266871
ISIC_0031078,bkl,bkl,0.22831873580807363,0.027432039949509955,0.6250518689914549,0.011638982179890104,0.07398157999686886,0.033393237194635786,0.00018355587956660655
ISIC_0031464,bkl,bkl,0.33033496010090535,0.012341427222608956,0.377513351722669,0.007074197779924722,0.14715912504512593,0.12535291888511726,0.0002240192436488643
ISIC_0029031,bkl,bcc,0.2022951575958335,0.7593418306890873,0.03190504400817288,0.0006380924326258495,0.005769954674760431,3.6342154477689516e-05,1.3578445042406506e-05
ISIC_0025222,bkl,bkl,0.302080892283274,0.01660532361603539,0.5153815825143622,0.007469106755965423,0.10253297881706479,0.05564332650454555,0.00028678950875262555
ISIC_0025973,bkl,bkl,0.2004205993616715,0.012125716500575829,0.3649445747450729,0.019205213770049846,0.2112414468095429,0.1919776478027901,8.480101029703191e-05
ISIC_0024471,bkl,bkl,0.005908487250769104,0.019011195450420532,0.7522263433277431,0.0019194541213458176,0.1747056455522571,0.04595841118098769,0.00027046311647665637
ISIC_0029878,bkl,bkl,0.010149734324825231,0.002091912300207283,0.4759146979321015,0.0014532856091896418,0.3294122245129344,0.1809696554253818,8.489895360301195e-06
ISIC_0025064,bkl,mel,0.02384919174948847,0.059416265598429524,0.09645598074468839,0.00892021801069413,0.40569194001882974,0.40406286301277516,0.0016035408650944794
ISIC_0026514,bkl,nv,0.04990028653716223,0.04357175491041781,0.11076310746969292,0.09765087537104372,0.126330809321068,0.5704904486960054,0.0012927176946099315
ISIC_0027192,bkl,akiec,0.303903415929881,0.15110690925169387,0.21790160306226983,0.1481621940178739,0.08984502415219366,0.08885658430365484,0.00022426928243314252
ISIC_0026614,bkl,bkl,0.19810575601191224,0.08488643226607029,0.5454093508639165,0.011052667736493247,0.11226454936956802,0.04802577217367924,0.0002554715783604217
ISIC_0028550,bkl,mel,0.17114400227846924,0.1415711978656185,0.052309007764657627,0.14121007505394506,0.37215367946753763,0.12086898228955306,0.0007430552802190451
ISIC_0024477,bkl,akiec,0.33102568328200355,0.146513745364838,0.08951630686397115,0.15457177526457463,0.20216655380935597,0.07552700545854027,0.0006789299567161884
ISIC_0026493,bkl,akiec,0.3443320529206451,0.25477804822995703,0.11601078464332404,0.05104812226556742,0.19840030815245918,0.03262387294537829,0.002806810842669004
ISIC_0029678,bkl,nv,0.01712251228104504,0.05456974713375021,0.20740953556109437,0.017643435948999912,0.35057639234361787,0.35243364821924295,0.0002447285122496281
ISIC_0030683,bkl,nv,0.1848530538320037,0.08257624947759488,0.232610961963303,0.08454695449384539,0.16453511131292525,0.2504983638358761,0.0003793050844517645
ISIC_0027990,bkl,akiec,0.5489148600351169,0.020199641771314926,0.3636553457524223,0.005356425299615415,0.05799521928093309,0.0038618207424054693,1.6687118191966496e-05
ISIC_0025883,bkl,bkl,0.002659426575402666,0.006025699324979693,0.39383611691821624,0.0006087985331400139,0.11151621745597573,0.19094708310048708,0.2944066580917985
ISIC_0030965,bkl,akiec,0.40649693408275683,0.10003266966555842,0.3307427985777256,0.011732491305942295,0.1489362376186239,0.00205787463898603,9.941104068685114e-07
ISIC_0026947,bkl,nv,0.0806986595207579,0.02668183350711092,0.2912526793415865,0.2487716468990971,0.05222734504312624,0.2995856517458482,0.000782183942473222
ISIC_0024839,bkl,bkl,0.07015422537231746,0.04208998738994872,0.580553223159275,0.03162139848869536,0.13758069956336982,0.13780076670548486,0.00019969932090860786
ISIC_0024696,bkl,akiec,0.4172226461011591,0.08697500386838612,0.14992116099645217,0.03035979656443807,0.30195796278635384,0.01352905677749101,3.43729057196648e-05
ISIC_0031352,bkl,bkl,0.17577466884316204,0.04312739201250605,0.5991322795287167,0.010355311184965795,0.04864913590070555,0.12294932480648517,1.188772345885753e-05
ISIC_0031150,bkl,bkl,0.15370268643312784,0.008407083605263287,0.7072993622311541,0.018113452853401445,0.0903921179778618,0.022078284616572724,7.012282618963874e-06
ISIC_0032024,bkl,akiec,0.382791249589029,0.36102319559233964,0.020570155349100148,0.18039065633229748,0.050349797266371114,0.004751683425990995,0.00012326244487172427
ISIC_0030533,bkl,akiec,0.30878124240993315,0.04692215441703124,0.26658397739980805,0.04608651334194857,0.08035599663228658,0.24981253416790353,0.0014575816310889358
ISIC_0029080,bkl,bkl,0.08407018428934963,0.24222202422321665,0.564057179760659,0.015622474135419668,0.0545432691188508,0.0346403814987418,0.004844486973762441
ISIC_0028650,bkl,akiec,0.4049754211915438,0.053775805934179605,0.2871123585478527,0.18127312705698473,0.020735463147360373,0.05089905620099357,0.001228767921085169
ISIC_0027973,bkl,bkl,0.17979847039978006,0.028432289910038933,0.7451892632452546,0.008881199092085398,0.02346223531820209,0.014009885917562035,0.00022665611707685027
ISIC_0029384,bkl,bkl,0.11296930107768574,0.028868952351416226,0.6756431884160065,0.07124816217620605,0.03810290969446352,0.07278343951947434,0.000384046764747507
ISIC_0032358,bkl,bkl,0.04290026521956433,0.016565604385134294,0.3282782874578365,0.0024973943780148386,0.29491996745836246,0.31464992523868407,0.00018855586240353338
ISIC_0031200,bkl,bkl,0.17215995900418252,0.009917912493299874,0.313161016395988,0.01543237734922679,0.27465037277947435,0.21451846410543468,0.00015989787239380243
ISIC_0024612,bkl,bkl,0.024255447137877056,0.10133980936553325,0.39505028535639936,0.06980811222435367,0.25124527196882435,0.15805888779112695,0.00024218615588521134
ISIC_0031707,bkl,nv,0.07580256696323062,0.022254141880194003,0.10164461940183067,0.009687903776464966,0.2759598928189519,0.5137980641677874,0.0008528109915404666
ISIC_0025040,bkl,nv,0.00832433174943185,0.02397851919592926,0.12056745276156261,0.022757717539091362,0.40859947819881737,0.4151839965447479,0.0005885040104197245
ISIC_0031287,bkl,bkl,0.17152081541736028,0.08806325949559332,0.20582215081177457,0.19583369309364268,0.15183259263169463,0.186204453039858,0.0007230355100764451
ISIC_0025068,bkl,akiec,0.8040536324517307,0.13153898258026833,0.03918192308689291,0.006966873301700387,0.013256660105085158,0.004993522189886969,8.406284435540222e-06
ISIC_0024312,bkl,df,0.09439939498249439,0.04131024242311068,0.1499692056574933,0.4963892565500668,0.1652834030911358,0.05238514207896134,0.0002633552167376868
ISIC_0030976,bkl,vasc,0.014213816792644576,0.20315323722170808,0.0007828999920025546,0.2881227438815531,0.00023838842980598214,5.7733287538029944e-05,0.4934311803947477
ISIC_0028707,bkl,bcc,0.22275021501403355,0.2691518071171118,0.21075330498383785,0.03963834657671731,0.21712033171805845,0.03874295139671161,0.0018430431935294435
ISIC_0028611,bkl,bcc,0.20242936892725824,0.676859665772972,0.017373944280099026,0.07917219679087657,0.01361057700646413,0.007986948583050392,0.0025672986392797086
ISIC_0028628,bkl,df,0.0761544426351004,0.02822098679817983,0.13432866368710641,0.44413049943282107,0.16871435904582935,0.1468587461811556,0.0015923022198074711
ISIC_0030240,bkl,bkl,0.26871583780310104,0.015805409499004545,0.6649425578838707,0.013451895340343176,0.03574319695883458,0.0010363181470089166,0.0003047843678369489
ISIC_0031519,bkl,nv,0.1494356282671552,0.01917661657395835,0.1534808420690153,0.2099163439335284,0.15279631782956082,0.31409538400951287,0.001098867317269056
ISIC_0025113,bkl,akiec,0.40165664385373123,0.024547505693407322,0.21384832874453222,0.1335856553090362,0.14692337912637918,0.0792826911447551,0.00015579612815872903
ISIC_0028121,bkl,bkl,0.1338608846801122,0.015101160228999278,0.7213908978739042,0.0023844146140534774,0.11355013942247934,0.013711292637600453,1.2105428510468322e-06
ISIC_0025434,bkl,bkl,0.11271162085681505,0.02151266159259195,0.770186678228216,0.0026587371515508283,0.07419091654686046,0.018717577552157957,2.18080718077956e-05
ISIC_0028165,bkl,bkl,0.19008386391097087,0.02078061817495103,0.703908096339297,0.002149760766713593,0.07459088203665694,0.00848438867066159,2.3901007491085492e-06
ISIC_0024786,bkl,bkl,0.1018521257738896,0.0331641636087665,0.62998366452597,0.01866061487144313,0.16579115113400744,0.049532643176066454,0.0010156369098569865
ISIC_0031037,bkl,akiec,0.3347676348364597,0.08716103947507212,0.21809556498531313,0.14728769128376606,0.14790144580833098,0.06460772335410216,0.00017890025695577254
ISIC_0030383,bkl,bkl,0.09069997384221047,0.07868696325629204,0.6304162266881038,0.008810968456937691,0.11456612955526407,0.07662029013565647,0.00019944806553550296
ISIC_0025465,bkl,bkl,0.07299946055030525,0.13153171809605113,0.6056306511256664,0.021393374587993952,0.15432871889199135,0.01410224702187108,1.3829726120799897e-05
ISIC_0026277,bkl,akiec,0.2884238186669464,0.17534079359864915,0.23821078229819703,0.18759111507582513,0.027627790847337488,0.07688768257640165,0.005918016936643155
ISIC_0028294,bkl,bkl,0.01573623406359516,0.03210224025414899,0.8195117116094078,0.0724181410040369,0.02781989301442689,0.032338925768474296,7.285428590987564e-05
ISIC_0028662,bkl,bkl,0.2185601890538876,0.04082175254947489,0.5708690637041514,0.014183879314006826,0.12920975326668235,0.026347563721693522,7.798390103492631e-06
ISIC_0031349,bkl,bkl,0.01714537127389057,0.02568280702582662,0.7207219930426796,0.056926704156344286,0.10652518370253264,0.072951559822431,4.6380976295259324e-05
ISIC_0026263,bkl,bkl,0.10689451165720003,0.01240659745286046,0.7030391751441739,0.0046339614258667245,0.1328819023061004,0.04014117360069133,2.6784131073662124e-06
ISIC_0026280,bkl,bkl,0.102050497403812,0.046717786505769035,0.6389541263555844,0.009504027864659873,0.13925567910306372,0.06350455410538912,1.3328661721874693e-05
ISIC_0027811,bkl,bkl,0.06248335754265917,0.016266386164616734,0.7964398911749274,0.018368169900913264,0.07076487642935075,0.03567038741178321,6.931375749216111e-06
ISIC_0024705,bkl,bkl,0.0820322827574068,0.020642292782166873,0.6891921683594775,0.054543424279918026,0.05492296124647128,0.09861615541787526,5.0715156684447966e-05
ISIC_0026803,bkl,bkl,0.054609737176402655,0.023683058915309974,0.8791615210206902,0.015586939671959161,0.013266226504187248,0.012927429559526629,0.0007650871519241074
ISIC_0027737,bkl,bkl,0.053828352856363795,0.03626471964181078,0.7546152502205494,0.03786038442369981,0.0583358727167203,0.058695535747373816,0.00039988439348213764
ISIC_0024774,bkl,bkl,0.04702694530225096,0.011039365214571543,0.516654246138595,0.019430951302642947,0.04889940460268159,0.3563573232557524,0.000591764183505527
ISIC_0026016,bkl,bkl,0.08875311284050398,0.07255586106507586,0.6724726626373716,0.05449079295618735,0.08300976478785733,0.028680852177327326,3.69535356765237e-05
ISIC_0029505,bkl,bkl,0.07285847756485507,0.04813720112739191,0.82175296772585,0.01635999818881358,0.027673125641891984,0.013179846755502827,3.8382995694683604e-05
ISIC_0031677,bkl,bkl,0.12915219873223954,0.014593763660534274,0.39650895194357894,0.0284334053966009,0.35958134060185387,0.07171253328426383,1.7806380928553168e-05
ISIC_0027162,bkl,bkl,0.1763571573023727,0.017023053992347915,0.6980187743505157,0.0054365184971378105,0.05534307407595947,0.04766793722333762,0.00015348455832872747
ISIC_0031277,bkl,bkl,0.15661921245850433,0.12496267913442907,0.5063992788049015,0.08005668021862082,0.09273022114097669,0.03912690247281189,0.00010502576975575533
ISIC_0031853,bkl,bkl,0.10385704648076906,0.06651434884729246,0.7479851641548545,0.019697835740743824,0.04213006181967603,0.01976719680897291,4.834614769118429e-05
ISIC_0025753,bkl,bkl,0.35910543699154374,0.0889755715861777,0.4339268548660755,0.07350865077600176,0.026088767934144382,0.018055819843975314,0.00033889800208145395
ISIC_0031600,bkl,bkl,0.3031287115896024,0.13549503289335324,0.4523329844756558,0.053707087787904034,0.03183231995556619,0.017479917754564613,0.00602394554335367
ISIC_0028490,bkl,akiec,0.419185735842148,0.003455247880037671,0.11315839534105342,0.001459320646441163,0.38568880597367244,0.076993239263647,5.9255053000281235e-05
ISIC_0025103,bkl,bkl,0.10331389623098408,0.017996281039677948,0.6477036886592971,0.024134269519195013,0.19034859040838165,0.016490827450578872,1.2446691885326859e-05
ISIC_0025710,bkl,bkl,0.18251263336727352,0.012827932201147382,0.6147811414245113,0.06881025162645399,0.08091818390149413,0.04013904029072916,1.0817188390330896e-05
ISIC_0024782,bkl,mel,0.02715913393268069,0.030981352653026033,0.1615064461161743,0.14296083677320162,0.3935221214879379,0.243248462525454,0.0006216465115254125
ISIC_0029872,bkl,bkl,0.060293451711896026,0.0621683413779672,0.3162906586590646,0.232454421898348,0.2000247603294801,0.1285913438479874,0.00017702217525669114
ISIC_0029135,bkl,nv,0.07662240690359265,0.04865195510931541,0.23041217888022422,0.011140680406531085,0.1417215831046779,0.48960384694892867,0.0018473486467301234
ISIC_0029947,bkl,bkl,0.049437979340287035,0.08175011590792455,0.7622516047033407,0.007718183185831578,0.08033386247296458,0.018438504794605834,6.974959504555601e-05
ISIC_0029320,bkl,nv,0.03108661798801548,0.004178811059575411,0.16774996854176258,0.06017643092164405,0.11449563762482926,0.6217942553654678,0.0005182784987054405
ISIC_0029427,bkl,nv,0.085056596834178,0.002514856403982981,0.23441718628630234,0.10065431555172037,0.08538700966069401,0.4918975920804881,7.244318263405008e-05
ISIC_0029464,bkl,bkl,0.1992344867345197,0.12850629884393586,0.4439078251571471,0.09680526704975798,0.07714412477916391,0.05425768378910045,0.0001443136463750448
ISIC_0024915,bkl,bkl,0.13958921486144088,0.14258298723417095,0.6352515961935379,0.012022649198761894,0.06434877343939091,0.006200136474857215,4.642597840265657e-06
ISIC_0027820,bkl,bkl,0.13915955915749403,0.011609789478002586,0.6759740023704447,0.013104499915780431,0.14124127727943428,0.018910247174335718,6.246245081643198e-07
ISIC_0026717,bkl,bkl,0.18810102055535785,0.00888292952021785,0.5516455121429884,0.010073994182828781,0.23760253187226443,0.003693842843407156,1.6888293562039956e-07
ISIC_0027559,bkl,bkl,0.19074772228066192,0.01446634017666105,0.49132215944062696,0.10954161814103651,0.07015778098951972,0.12368623530825917,7.814366323472547e-05
ISIC_0024408,bkl,bkl,0.14277974596771537,0.04535112921590316,0.37773972709788384,0.34508017543412844,0.05620931520760738,0.032081906124214465,0.0007580009525472815
ISIC_0028347,bkl,bkl,0.016217646137280193,0.016115481275583227,0.7179430156883708,0.005496410866372062,0.21610193770850103,0.028040645086061505,8.486323783094774e-05
ISIC_0033460,bkl,bkl,0.27797128137345256,0.026615591540043282,0.5656482122613499,0.0068952356963077974,0.10563418292181141,0.017209099216813205,2.639699022193027e-05
ISIC_0033722,bkl,bkl,0.30550022132634785,0.09960150966625668,0.4936842276120417,0.01096362690468276,0.07706180094941599,0.013136487069694608,5.2126471560372824e-05
ISIC_0030630,bkl,nv,0.01700797580519993,0.009611004802744686,0.11914386126214174,0.010671150889308931,0.28121116190216044,0.5599438839126458,0.002410961425798336
ISIC_0033701,bkl,mel,0.1001412785174103,0.03921947387522426,0.25181531048325423,0.015545155196721823,0.31884273013115594,0.27418757933909543,0.00024847245713814306
ISIC_0033884,bkl,bkl,0.18329204736875748,0.02980289254814231,0.3575560526162235,0.018188949287975292,0.16428294340218189,0.24654756714921464,0.00032954762750477635
ISIC_0027747,bkl,bkl,0.33921603368357667,0.06587821336422642,0.3709986738649168,0.015275054081265128,0.1696011164628007,0.03897391722005786,5.699132315649185e-05
ISIC_0031133,bkl,bkl,0.17836601757788018,0.06109362582383018,0.6081770508692357,0.05317060615827394,0.03895867874182915,0.058659118939589854,0.001574901889361228
ISIC_0027875,bkl,mel,0.016869197632502345,0.005875114322915009,0.20876525685284392,0.02396651040402007,0.3927468347880575,0.3516679251711558,0.00010916082850548678
ISIC_0028497,bkl,vasc,0.11135562120790206,0.15384687208509942,0.014399579493185884,0.06561628966120958,0.0021852653895783718,0.21992969774768337,0.4326666744153413
ISIC_0026441,bkl,bkl,0.1762895527055744,0.04140559972997275,0.36584426744864007,0.2697160978638728,0.04943230971398261,0.09526464721858476,0.002047525319372625
ISIC_0028448,bkl,bkl,0.10563278647083685,0.0990250558276841,0.33025546065293276,0.08248107001625389,0.21141393685631196,0.16987101208001137,0.0013206780959691782
ISIC_0028826,bkl,bkl,0.0020117774012801096,0.010686084025668632,0.926290537502073,0.00030830587413532243,0.025900337346177294,0.034675903113602406,0.00012705473706327595
ISIC_0032460,bkl,bkl,0.08790640618288009,0.14986761762823972,0.5828994451527684,0.07016198028716586,0.05118697156960403,0.04839388579761051,0.009583693381731448
ISIC_0030067,bkl,nv,0.15112498167096644,0.030045718171432097,0.10698252831027538,0.24699891256910675,0.03450279831894971,0.4299922023489215,0.0003528586103482085
ISIC_0031436,bkl,nv,0.2809082059465653,0.022703728256871284,0.26190158765586496,0.049527868122861585,0.09821623174347081,0.28636640361565624,0.0003759746587099233
ISIC_0027954,bkl,nv,0.031243478117904573,0.030559636642982425,0.1205544527449002,0.1290206540113508,0.07213837749722894,0.6152883396804839,0.0011950613051490981
ISIC_0025131,bkl,bkl,0.11880078407865166,0.15291197423457437,0.5631663552387716,0.005204851446225324,0.15761398489012665,0.0022713091096541495,3.0741001996250403e-05
ISIC_0031125,bkl,bkl,0.009081085815440555,0.005498931907747575,0.38775875397354465,0.043877563155274434,0.336610804244116,0.21684324580067713,0.000329615103199675
ISIC_0029227,bkl,nv,0.01758812045110954,0.005694723739125203,0.110144395587809,0.08341819387222815,0.06617598191192944,0.7158498121620738,0.0011287722757250033
ISIC_0026416,bkl,bkl,0.06805044352158689,0.16458338117478072,0.29710033973596167,0.15423293906386046,0.11966376162502747,0.19241339320122208,0.003955741677560671
ISIC_0031362,bkl,bkl,0.057437898675166396,0.019624835589611683,0.4790011519227502,0.05795369550318956,0.16504511682878417,0.22059555003123713,0.00034175144926072156
ISIC_0031761,bkl,nv,0.023322846361152647,0.022308565660548486,0.16113879624246816,0.055929153855156795,0.1595487520921014,0.5776885512453992,6.333454317316775e-05
ISIC_0026042,bkl,bkl,0.06602412910310217,0.003398285951108527,0.9219785388837124,0.00534323916403224,0.00261335192064238,1.4047157473469558e-05,0.000628407819929149
ISIC_0029248,df,df,0.16907683215260835,0.01652680854896236,0.10760383899767138,0.6619936179436469,0.017807159755850246,0.026932050309930733,5.969229132987995e-05
ISIC_0030442,df,df,0.3015969048892465,0.08301371223667148,0.1697292315917577,0.3032859870643203,0.0594676305981727,0.08250172622306069,0.00040480739677060685
ISIC_0027727,df,df,0.23659157280543677,0.08150003131902757,0.011239972590371936,0.6143800713804157,0.012086092493184378,0.03818089624299848,0.006021363168565152
ISIC_0027107,df,akiec,0.45196071300217855,0.2305331406510449,0.09986077481189713,0.19204515774364936,0.023484392498002955,0.0015684404971876462,0.0005473807960393016
ISIC_0027648,df,df,0.2114960205917353,0.05759267433874349,0.14745309063507073,0.5314593732793536,0.01159607082265713,0.0384733417176737,0.0019294286147660974
ISIC_0029967,df,df,0.06971574031829798,0.032016867359238456,0.04826665635249519,0.7049469753673874,0.045575065054698716,0.09830262605053668,0.001176069497345466
ISIC_0027876,df,akiec,0.438829177542444,0.13079121461830456,0.06967046979422735,0.1521155038631504,0.10737858650170283,0.09953858637981071,0.001676461300360162
ISIC_0030011,df,akiec,0.4405541294039488,0.22308837368245094,0.1442228631874469,0.04417850786525645,0.09311143557194096,0.053373451594391115,0.00147123869456501
ISIC_0030427,df,akiec,0.4093421008335853,0.030542923072178547,0.05629615885383225,0.36252514239743105,0.10074765723486472,0.03837257454992131,0.002173443058186939
ISIC_0027626,df,akiec,0.37881090724021793,0.03319407360971159,0.08934039341264581,0.37818812853462747,0.06526752055724809,0.053581584625663786,0.0016173920198852964
ISIC_0030757,df,df,0.32055824824965684,0.30512397603278607,0.004533773083585243,0.36042779537327496,0.003682084735293874,0.0009015473797127872,0.004772575145690264
ISIC_0031358,df,df,0.14802831001539962,0.15849947795690683,0.0008184367231727462,0.6911358056696479,0.001296438084484565,4.3300323061772e-05,0.00017823122732646751
ISIC_0031735,df,bcc,0.4130150116765896,0.49036047151206924,0.030013198728284753,0.06202181780249596,0.0024683156370696774,0.00016145830660724462,0.001959726336883406
ISIC_0029962,df,mel,0.19781190414129907,0.058171678285647156,0.1493310200769912,0.23785384559803954,0.24251190854208654,0.1140229731492163,0.00029667020672030273
ISIC_0031457,df,bkl,0.08685944207110262,0.04033865760311208,0.39848952506189056,0.11976980661810543,0.16608488205532324,0.18803081898099697,0.0004268676094691086
ISIC_0030015,df,df,0.044512228925127455,0.13772243761637376,0.00748276128144635,0.8028161696511699,0.0008817483438604586,0.00023877569718119696,0.006345878484840699
ISIC_0031123,df,df,0.0336490988096661,0.17901390122102565,0.13221591913413125,0.3484603241723913,0.037156896164987116,0.18941593570045745,0.08008792479734106
ISIC_0024845,df,df,0.01174006813345982,0.011175666423848027,0.04808347045085708,0.5196487581485237,0.042780273085825944,0.36518902010901333,0.0013827436484720017
ISIC_0032613,df,mel,0.23897974877547182,0.0660153422598773,0.18679758220786935,0.03113455540452057,0.44446549855076734,0.03050675530721588,0.002100517494277984
ISIC_0033256,df,mel,0.20276845548235034,0.1627629538050096,0.08577480093619144,0.11288565428280568,0.389883813222472,0.032112032842091735,0.013812289429079236
ISIC_0033695,df,nv,0.026087239814317563,0.006235247607882087,0.0273188693496279,0.4329072926051998,0.05657073941926922,0.4490678476954969,0.0018127635082064444
ISIC_0033005,df,df,0.0047116997110618645,0.01591627581432368,0.003288881592483228,0.5753714476377616,0.005589578768950345,0.08093949470595317,0.31418262176946604
ISIC_0033422,df,df,0.02955926407041529,0.13137843409229005,0.020129531904872665,0.6706777871446854,0.012891879041867742,0.037829357033031086,0.09753374671283782
ISIC_0027488,df,df,0.03969682403980048,0.0655829067375,0.003285343730084143,0.87528117557893,0.002877370419340644,0.006637948749367827,0.006638430744976901
ISIC_0027141,df,df,0.004201130632893615,0.027367613034751517,0.0011389381193126072,0.8932918730311225,0.0012019088413528292,0.022406828503589996,0.05039170783697698
ISIC_0029177,df,df,0.00013586876136459152,9.136852475623743e-05,2.5583781055765243e-05,0.9875486278112049,4.859237733552439e-06,0.004452985687603854,0.007740706196281144
